日時,始値(BID),高値(BID),安値(BID),終値(BID),始値(ASK),高値(ASK),安値(ASK),終値(ASK)
201907050700,1416.1,1416.7,1415.3,1415.9,1416.5,1417.1,1415.7,1416.3
201907050701,1415.9,1416.1,1415.6,1415.8,1416.3,1416.5,1416,1416.2
201907050702,1415.8,1416.6,1415.8,1416.5,1416.2,1417,1416.2,1416.9
201907050703,1416.5,1416.7,1416.5,1416.6,1416.9,1417.1,1416.9,1417
201907050704,1416.5,1416.6,1416.4,1416.5,1416.9,1417,1416.8,1416.9
201907050705,1416.5,1416.6,1416.4,1416.5,1416.9,1417,1416.8,1416.9
201907050706,1416.5,1416.5,1416.2,1416.2,1416.9,1416.9,1416.6,1416.6
201907050707,1416.2,1416.4,1416.1,1416.3,1416.6,1416.8,1416.5,1416.7
201907050708,1416.3,1416.3,1416.2,1416.2,1416.7,1416.7,1416.6,1416.6
201907050709,1416.2,1416.2,1416,1416,1416.6,1416.6,1416.4,1416.4
201907050710,1416,1416.2,1415.9,1416,1416.4,1416.6,1416.3,1416.4
201907050711,1416,1416,1415.9,1416,1416.4,1416.4,1416.3,1416.4
201907050712,1416,1416,1416,1416,1416.4,1416.4,1416.4,1416.4
201907050713,1416,1416.1,1416,1416,1416.4,1416.5,1416.4,1416.4
201907050714,1416,1416.4,1416,1416.4,1416.4,1416.8,1416.4,1416.8
201907050715,1416.4,1416.5,1416.2,1416.3,1416.8,1416.9,1416.6,1416.7
201907050716,1416.3,1416.4,1416.2,1416.4,1416.7,1416.8,1416.6,1416.8
201907050717,1416.4,1416.5,1416.4,1416.5,1416.8,1416.9,1416.8,1416.9
201907050718,1416.5,1416.5,1416.3,1416.3,1416.9,1416.9,1416.7,1416.7
201907050719,1416.3,1416.3,1416.3,1416.3,1416.7,1416.7,1416.7,1416.7
201907050720,1416.3,1416.6,1416.3,1416.6,1416.7,1417,1416.7,1417
201907050721,1416.6,1416.9,1416.4,1416.9,1417,1417.3,1416.8,1417.3
201907050722,1416.9,1416.9,1416.6,1416.8,1417.3,1417.3,1417,1417.2
201907050723,1416.8,1417.1,1416.8,1417.1,1417.2,1417.5,1417.2,1417.5
201907050724,1417.1,1417.2,1417,1417.2,1417.5,1417.6,1417.4,1417.6
201907050725,1417.2,1417.2,1417.1,1417.2,1417.6,1417.6,1417.5,1417.6
201907050726,1417.2,1417.5,1417.1,1417.5,1417.6,1417.9,1417.5,1417.9
201907050727,1417.5,1417.5,1417.2,1417.2,1417.9,1417.9,1417.6,1417.6
201907050728,1417.2,1417.3,1416.9,1417.2,1417.6,1417.7,1417.3,1417.6
201907050729,1417.2,1417.3,1417.1,1417.2,1417.6,1417.7,1417.5,1417.6
201907050730,1417.2,1417.3,1417.1,1417.2,1417.6,1417.7,1417.5,1417.6
201907050731,1417.2,1417.2,1416.8,1416.9,1417.6,1417.6,1417.2,1417.3
201907050732,1417,1417.2,1416.8,1417.2,1417.4,1417.6,1417.2,1417.6
201907050733,1417.1,1418.3,1417.1,1418.2,1417.5,1418.7,1417.5,1418.6
201907050734,1418.2,1418.6,1418,1418.5,1418.6,1419,1418.4,1418.9
201907050735,1418.6,1418.7,1418.5,1418.7,1419,1419.1,1418.9,1419.1
201907050736,1418.7,1419.9,1418.7,1419.7,1419.1,1420.3,1419.1,1420.1
201907050737,1419.7,1419.7,1419.2,1419.6,1420.1,1420.1,1419.6,1420
201907050738,1419.6,1419.7,1419.3,1419.4,1420,1420.1,1419.7,1419.8
201907050739,1419.4,1420.1,1419.4,1420.1,1419.8,1420.5,1419.8,1420.5
201907050740,1420.1,1424.1,1420.1,1422.9,1420.5,1424.5,1420.5,1423.3
201907050741,1422.9,1422.9,1421.4,1421.8,1423.3,1423.3,1421.8,1422.2
201907050742,1421.8,1423.1,1421.8,1422.7,1422.2,1423.5,1422.2,1423.1
201907050743,1422.7,1423,1422,1422.3,1423.1,1423.4,1422.4,1422.7
201907050744,1422.3,1423,1422,1422.8,1422.7,1423.4,1422.4,1423.2
201907050745,1422.8,1423.3,1421.9,1422.1,1423.2,1423.7,1422.3,1422.5
201907050746,1422.2,1422.2,1421.8,1421.9,1422.6,1422.6,1422.2,1422.3
201907050747,1421.9,1422.6,1421.9,1422.6,1422.3,1423,1422.3,1423
201907050748,1422.5,1422.6,1422.1,1422.2,1422.9,1423,1422.5,1422.6
201907050749,1422.2,1422.2,1420.8,1421.8,1422.6,1422.6,1421.2,1422.2
201907050750,1421.8,1422,1421.4,1422,1422.2,1422.4,1421.8,1422.4
201907050751,1422.1,1422.7,1422,1422,1422.5,1423.1,1422.4,1422.4
201907050752,1422,1422.3,1422,1422.2,1422.4,1422.7,1422.4,1422.6
201907050753,1422.3,1423.2,1422.3,1422.7,1422.7,1423.6,1422.7,1423.1
201907050754,1422.7,1424,1422.6,1423.7,1423.1,1424.4,1423,1424.1
201907050755,1423.7,1423.7,1422.4,1422.5,1424.1,1424.1,1422.8,1422.9
201907050756,1422.5,1422.5,1421.9,1422.5,1422.9,1422.9,1422.3,1422.9
201907050757,1422.5,1423,1422.3,1422.7,1422.9,1423.4,1422.7,1423.1
201907050758,1422.7,1422.9,1422.6,1422.7,1423.1,1423.3,1423,1423.1
201907050759,1422.7,1423,1422.7,1423,1423.1,1423.4,1423.1,1423.4
201907050800,1423,1423,1422.1,1422.4,1423.4,1423.4,1422.5,1422.8
201907050801,1422.4,1422.7,1422.2,1422.6,1422.8,1423.1,1422.6,1423
201907050802,1422.6,1422.8,1422.2,1422.2,1423,1423.2,1422.6,1422.6
201907050803,1422.2,1422.3,1421.5,1421.5,1422.6,1422.7,1421.9,1421.9
201907050804,1421.6,1422.4,1421.6,1421.8,1422,1422.8,1422,1422.2
201907050805,1421.8,1422.1,1421.6,1421.7,1422.2,1422.5,1422,1422.1
201907050806,1421.7,1422.1,1421.5,1422.1,1422.1,1422.5,1421.9,1422.5
201907050807,1422.1,1422.4,1422,1422.1,1422.5,1422.8,1422.4,1422.5
201907050808,1422.1,1422.1,1421.9,1421.9,1422.5,1422.5,1422.3,1422.3
201907050809,1421.9,1422.6,1421.8,1422.4,1422.3,1423,1422.2,1422.8
201907050810,1422.4,1422.7,1422.1,1422.6,1422.8,1423.1,1422.5,1423
201907050811,1422.6,1422.8,1422.6,1422.6,1423,1423.2,1423,1423
201907050812,1422.6,1422.9,1422.6,1422.7,1423,1423.3,1423,1423.1
201907050813,1422.7,1422.7,1422.6,1422.6,1423.1,1423.1,1423,1423
201907050814,1422.6,1422.6,1422.3,1422.3,1423,1423,1422.7,1422.7
201907050815,1422.3,1422.3,1421.8,1421.8,1422.7,1422.7,1422.2,1422.2
201907050816,1421.8,1422.3,1421.8,1422.3,1422.2,1422.7,1422.2,1422.7
201907050817,1422.3,1422.4,1422.2,1422.2,1422.7,1422.8,1422.6,1422.6
201907050818,1422.2,1422.2,1422,1422.1,1422.6,1422.6,1422.4,1422.5
201907050819,1422.1,1422.1,1421.9,1421.9,1422.5,1422.5,1422.3,1422.3
201907050820,1421.9,1421.9,1421.6,1421.8,1422.3,1422.3,1422,1422.2
201907050821,1421.8,1421.9,1421.6,1421.7,1422.2,1422.3,1422,1422.1
201907050822,1421.7,1421.9,1421.7,1421.7,1422.1,1422.3,1422.1,1422.1
201907050823,1421.7,1421.7,1420.8,1421,1422.1,1422.1,1421.2,1421.4
201907050824,1421,1421.3,1421,1421.2,1421.4,1421.7,1421.4,1421.6
201907050825,1421.2,1421.5,1421.2,1421.5,1421.6,1421.9,1421.6,1421.9
201907050826,1421.5,1421.7,1421.4,1421.7,1421.9,1422.1,1421.8,1422.1
201907050827,1421.7,1421.7,1421.1,1421.2,1422.1,1422.1,1421.5,1421.6
201907050828,1421.2,1421.4,1421.1,1421.2,1421.6,1421.8,1421.5,1421.6
201907050829,1421.2,1421.4,1421.2,1421.3,1421.6,1421.8,1421.6,1421.7
201907050830,1421.3,1421.3,1420.7,1421,1421.7,1421.7,1421.1,1421.4
201907050831,1421,1421,1420.8,1420.9,1421.4,1421.4,1421.2,1421.3
201907050832,1420.9,1421.4,1420.8,1421.2,1421.3,1421.8,1421.2,1421.6
201907050833,1421.2,1421.2,1421,1421.2,1421.6,1421.6,1421.4,1421.6
201907050834,1421.2,1421.2,1420.7,1421,1421.6,1421.6,1421.1,1421.4
201907050835,1421,1421,1420.8,1420.9,1421.4,1421.4,1421.2,1421.3
201907050836,1420.9,1421.3,1420.9,1421.2,1421.3,1421.7,1421.3,1421.6
201907050837,1421.2,1421.3,1421,1421.1,1421.6,1421.7,1421.4,1421.5
201907050838,1421.1,1421.2,1421,1421.2,1421.5,1421.6,1421.4,1421.6
201907050839,1421.2,1421.5,1421.1,1421.5,1421.6,1421.9,1421.5,1421.9
201907050840,1421.5,1421.5,1421.3,1421.4,1421.9,1421.9,1421.7,1421.8
201907050841,1421.4,1421.4,1421.2,1421.2,1421.8,1421.8,1421.6,1421.6
201907050842,1421.2,1421.3,1421,1421.1,1421.6,1421.7,1421.4,1421.5
201907050843,1421.1,1421.1,1421,1421.1,1421.5,1421.5,1421.4,1421.5
201907050844,1421.1,1421.1,1420.7,1420.8,1421.5,1421.5,1421.1,1421.2
201907050845,1420.8,1421.4,1420.8,1421.1,1421.2,1421.8,1421.2,1421.5
201907050846,1421.1,1421.4,1421.1,1421.3,1421.5,1421.8,1421.5,1421.7
201907050847,1421.3,1421.5,1421.1,1421.5,1421.7,1421.9,1421.5,1421.9
201907050848,1421.5,1421.5,1421.2,1421.3,1421.9,1421.9,1421.6,1421.7
201907050849,1421.3,1421.3,1420.8,1420.9,1421.7,1421.7,1421.2,1421.3
201907050850,1420.9,1421.1,1420.9,1421.1,1421.3,1421.5,1421.3,1421.5
201907050851,1421.1,1421.1,1421,1421.1,1421.5,1421.5,1421.4,1421.5
201907050852,1421.1,1421.1,1421,1421,1421.5,1421.5,1421.4,1421.4
201907050853,1421,1421.1,1421,1421,1421.4,1421.5,1421.4,1421.4
201907050854,1421,1421,1420.9,1420.9,1421.4,1421.4,1421.3,1421.3
201907050855,1420.9,1420.9,1420.6,1420.8,1421.3,1421.3,1421,1421.2
201907050856,1420.8,1421,1420.8,1421,1421.2,1421.4,1421.2,1421.4
201907050857,1421,1421.2,1421,1421.1,1421.4,1421.6,1421.4,1421.5
201907050858,1421.1,1421.2,1421.1,1421.2,1421.5,1421.6,1421.5,1421.6
201907050859,1421.2,1421.2,1420.8,1420.8,1421.6,1421.6,1421.2,1421.2
201907050900,1420.8,1421.1,1420.8,1421.1,1421.2,1421.5,1421.2,1421.5
201907050901,1421.1,1421.2,1420.7,1420.7,1421.5,1421.6,1421.1,1421.1
201907050902,1420.7,1421.2,1420.6,1421.1,1421.1,1421.6,1421,1421.5
201907050903,1421.1,1421.2,1421,1421,1421.5,1421.6,1421.4,1421.4
201907050904,1421,1421.1,1420.6,1420.7,1421.4,1421.5,1421,1421.1
201907050905,1420.6,1421,1420.6,1420.8,1421,1421.4,1421,1421.2
201907050906,1420.8,1420.9,1420.8,1420.8,1421.2,1421.3,1421.2,1421.2
201907050907,1420.9,1420.9,1420.7,1420.7,1421.3,1421.3,1421.1,1421.1
201907050908,1420.7,1421.1,1420.7,1421,1421.1,1421.5,1421.1,1421.4
201907050909,1421,1421.1,1421,1421.1,1421.4,1421.5,1421.4,1421.5
201907050910,1421.1,1421.1,1420.9,1421.1,1421.5,1421.5,1421.3,1421.5
201907050911,1421.1,1421.1,1421,1421.1,1421.5,1421.5,1421.4,1421.5
201907050912,1421.1,1421.1,1420.6,1420.6,1421.5,1421.5,1421,1421
201907050913,1420.6,1420.7,1419.4,1419.6,1421,1421.1,1419.8,1420
201907050914,1419.6,1419.6,1417.7,1418.6,1420,1420,1418.1,1419
201907050915,1418.6,1418.9,1418.5,1418.8,1419,1419.3,1418.9,1419.2
201907050916,1418.8,1418.9,1418.6,1418.7,1419.2,1419.3,1419,1419.1
201907050917,1418.7,1418.9,1418.6,1418.7,1419.1,1419.3,1419,1419.1
201907050918,1418.7,1418.7,1417.7,1417.8,1419.1,1419.1,1418.1,1418.2
201907050919,1417.8,1418.3,1417.8,1417.9,1418.2,1418.7,1418.2,1418.3
201907050920,1417.9,1418.6,1417.8,1418.4,1418.3,1419,1418.2,1418.8
201907050921,1418.4,1418.4,1415.4,1416.4,1418.8,1418.8,1415.8,1416.8
201907050922,1416.4,1417.1,1415.5,1416.5,1416.8,1417.5,1415.9,1416.9
201907050923,1416.5,1417.2,1416.3,1416.9,1416.9,1417.6,1416.7,1417.3
201907050924,1416.9,1417,1416.6,1416.6,1417.3,1417.4,1417,1417
201907050925,1416.6,1416.9,1416.3,1416.5,1417,1417.3,1416.7,1416.9
201907050926,1416.5,1416.9,1416.5,1416.9,1416.9,1417.3,1416.9,1417.3
201907050927,1416.9,1417,1416.6,1416.8,1417.3,1417.4,1417,1417.2
201907050928,1416.8,1417,1416.7,1416.8,1417.2,1417.4,1417.1,1417.2
201907050929,1416.7,1416.9,1416.5,1416.8,1417.1,1417.3,1416.9,1417.2
201907050930,1416.7,1416.8,1416.5,1416.7,1417.1,1417.2,1416.9,1417.1
201907050931,1416.7,1417.3,1416.7,1417,1417.1,1417.7,1417.1,1417.4
201907050932,1417,1417.5,1417,1417.2,1417.4,1417.9,1417.4,1417.6
201907050933,1417.2,1417.6,1417.2,1417.4,1417.6,1418,1417.6,1417.8
201907050934,1417.4,1417.8,1417.2,1417.6,1417.8,1418.2,1417.6,1418
201907050935,1417.6,1417.7,1417.3,1417.5,1418,1418.1,1417.7,1417.9
201907050936,1417.5,1417.7,1417.5,1417.6,1417.9,1418.1,1417.9,1418
201907050937,1417.5,1417.6,1417.1,1417.4,1417.9,1418,1417.5,1417.8
201907050938,1417.4,1417.9,1417.4,1417.5,1417.8,1418.3,1417.8,1417.9
201907050939,1417.5,1417.8,1417.4,1417.6,1417.9,1418.2,1417.8,1418
201907050940,1417.6,1417.6,1417.4,1417.4,1418,1418,1417.8,1417.8
201907050941,1417.4,1417.8,1417.3,1417.4,1417.8,1418.2,1417.7,1417.8
201907050942,1417.4,1417.7,1417.4,1417.6,1417.8,1418.1,1417.8,1418
201907050943,1417.6,1417.8,1417.5,1417.7,1418,1418.2,1417.9,1418.1
201907050944,1417.7,1417.9,1417.6,1417.8,1418.1,1418.3,1418,1418.2
201907050945,1417.8,1417.9,1417.8,1417.9,1418.2,1418.3,1418.2,1418.3
201907050946,1417.9,1417.9,1417.6,1417.8,1418.3,1418.3,1418,1418.2
201907050947,1417.8,1417.8,1417.1,1417.1,1418.2,1418.2,1417.5,1417.5
201907050948,1417.1,1417.3,1417,1417.2,1417.5,1417.7,1417.4,1417.6
201907050949,1417.2,1417.2,1416.9,1417.2,1417.6,1417.6,1417.3,1417.6
201907050950,1417.2,1417.4,1417.2,1417.4,1417.6,1417.8,1417.6,1417.8
201907050951,1417.4,1417.4,1417.3,1417.3,1417.8,1417.8,1417.7,1417.7
201907050952,1417.3,1417.3,1416.9,1417.1,1417.7,1417.7,1417.3,1417.5
201907050953,1417.2,1417.4,1417,1417.2,1417.6,1417.8,1417.4,1417.6
201907050954,1417.2,1417.2,1417,1417.2,1417.6,1417.6,1417.4,1417.6
201907050955,1417.2,1417.2,1416.6,1417.2,1417.6,1417.6,1417,1417.6
201907050956,1417.2,1417.2,1416.9,1416.9,1417.6,1417.6,1417.3,1417.3
201907050957,1416.9,1416.9,1416.6,1416.6,1417.3,1417.3,1417,1417
201907050958,1416.6,1416.6,1415.2,1415.9,1417,1417,1415.6,1416.3
201907050959,1415.9,1416,1415.6,1415.7,1416.3,1416.4,1416,1416.1
201907051000,1415.7,1415.7,1414.4,1414.5,1416.1,1416.1,1414.8,1414.9
201907051001,1414.7,1415.5,1414.6,1415.4,1415.1,1415.9,1415,1415.8
201907051002,1415.4,1415.8,1415.2,1415.5,1415.8,1416.2,1415.6,1415.9
201907051003,1415.5,1415.6,1415.1,1415.1,1415.9,1416,1415.5,1415.5
201907051004,1415.1,1415.5,1415.1,1415.4,1415.5,1415.9,1415.5,1415.8
201907051005,1415.4,1415.7,1415.1,1415.5,1415.8,1416.1,1415.5,1415.9
201907051006,1415.5,1417,1415.3,1416.8,1415.9,1417.4,1415.7,1417.2
201907051007,1416.8,1417.1,1416.4,1416.9,1417.2,1417.5,1416.8,1417.3
201907051008,1416.9,1417.6,1416.6,1417.4,1417.3,1418,1417,1417.8
201907051009,1417.4,1417.4,1417.1,1417.4,1417.8,1417.8,1417.5,1417.8
201907051010,1417.4,1417.9,1417.1,1417.1,1417.8,1418.3,1417.5,1417.5
201907051011,1417.2,1417.8,1417.2,1417.6,1417.6,1418.2,1417.6,1418
201907051012,1417.6,1417.7,1417.1,1417.5,1418,1418.1,1417.5,1417.9
201907051013,1417.5,1417.6,1417.4,1417.4,1417.9,1418,1417.8,1417.8
201907051014,1417.4,1417.4,1417,1417.1,1417.8,1417.8,1417.4,1417.5
201907051015,1417,1417.4,1417,1417.4,1417.4,1417.8,1417.4,1417.8
201907051016,1417.4,1417.4,1417.1,1417.2,1417.8,1417.8,1417.5,1417.6
201907051017,1417.2,1417.3,1417.1,1417.1,1417.6,1417.7,1417.5,1417.5
201907051018,1417.1,1417.4,1417.1,1417.4,1417.5,1417.8,1417.5,1417.8
201907051019,1417.4,1417.5,1417.4,1417.4,1417.8,1417.9,1417.8,1417.8
201907051020,1417.4,1417.4,1417.1,1417.4,1417.8,1417.8,1417.5,1417.8
201907051021,1417.4,1417.5,1417.3,1417.5,1417.8,1417.9,1417.7,1417.9
201907051022,1417.5,1417.7,1417.4,1417.6,1417.9,1418.1,1417.8,1418
201907051023,1417.6,1417.9,1417.5,1417.7,1418,1418.3,1417.9,1418.1
201907051024,1417.7,1418.5,1417.7,1418.5,1418.1,1418.9,1418.1,1418.9
201907051025,1418.6,1419.6,1418.4,1419,1419,1420,1418.8,1419.4
201907051026,1419.1,1420,1418.9,1419.6,1419.5,1420.4,1419.3,1420
201907051027,1419.6,1419.8,1419,1419.2,1420,1420.2,1419.4,1419.6
201907051028,1419.2,1419.2,1418.7,1418.8,1419.6,1419.6,1419.1,1419.2
201907051029,1418.8,1419.1,1418.5,1419.1,1419.2,1419.5,1418.9,1419.5
201907051030,1419.1,1419.1,1418.9,1419.1,1419.5,1419.5,1419.3,1419.5
201907051031,1419.1,1419.4,1419,1419.4,1419.5,1419.8,1419.4,1419.8
201907051032,1419.4,1419.8,1419.3,1419.5,1419.8,1420.2,1419.7,1419.9
201907051033,1419.6,1419.7,1419.3,1419.6,1420,1420.1,1419.7,1420
201907051034,1419.6,1419.8,1419.5,1419.6,1420,1420.2,1419.9,1420
201907051035,1419.6,1419.7,1419.1,1419.3,1420,1420.1,1419.5,1419.7
201907051036,1419.3,1419.4,1418.9,1419,1419.7,1419.8,1419.3,1419.4
201907051037,1419,1419,1418.3,1418.8,1419.4,1419.4,1418.7,1419.2
201907051038,1418.8,1418.9,1418.3,1418.9,1419.2,1419.3,1418.7,1419.3
201907051039,1418.9,1418.9,1418.6,1418.8,1419.3,1419.3,1419,1419.2
201907051040,1418.8,1418.9,1418.6,1418.8,1419.2,1419.3,1419,1419.2
201907051041,1418.8,1418.8,1418.6,1418.8,1419.2,1419.2,1419,1419.2
201907051042,1418.8,1419.1,1418.8,1418.9,1419.2,1419.5,1419.2,1419.3
201907051043,1418.9,1419,1418.7,1419,1419.3,1419.4,1419.1,1419.4
201907051044,1419,1419,1418.6,1418.6,1419.4,1419.4,1419,1419
201907051045,1418.6,1418.7,1418.4,1418.6,1419,1419.1,1418.8,1419
201907051046,1418.6,1418.7,1418.4,1418.4,1419,1419.1,1418.8,1418.8
201907051047,1418.5,1418.5,1418.2,1418.5,1418.9,1418.9,1418.6,1418.9
201907051048,1418.4,1418.5,1418,1418.3,1418.8,1418.9,1418.4,1418.7
201907051049,1418.3,1418.5,1418.2,1418.2,1418.7,1418.9,1418.6,1418.6
201907051050,1418.2,1418.3,1418,1418,1418.6,1418.7,1418.4,1418.4
201907051051,1418,1418.3,1418,1418.3,1418.4,1418.7,1418.4,1418.7
201907051052,1418.3,1418.6,1418.3,1418.5,1418.7,1419,1418.7,1418.9
201907051053,1418.5,1418.5,1418.3,1418.3,1418.9,1418.9,1418.7,1418.7
201907051054,1418.3,1418.6,1418,1418,1418.7,1419,1418.4,1418.4
201907051055,1418,1418.3,1417.9,1418.2,1418.4,1418.7,1418.3,1418.6
201907051056,1418.2,1418.3,1418,1418.1,1418.6,1418.7,1418.4,1418.5
201907051057,1418.1,1418.3,1418,1418.3,1418.5,1418.7,1418.4,1418.7
201907051058,1418.3,1418.6,1418.3,1418.5,1418.7,1419,1418.7,1418.9
201907051059,1418.5,1418.6,1418.3,1418.6,1418.9,1419,1418.7,1419
201907051100,1418.6,1418.6,1418.1,1418.3,1419,1419,1418.5,1418.7
201907051101,1418.3,1418.6,1418.3,1418.5,1418.7,1419,1418.7,1418.9
201907051102,1418.5,1419.1,1418.5,1419.1,1418.9,1419.5,1418.9,1419.5
201907051103,1419.2,1419.3,1418.8,1418.8,1419.6,1419.7,1419.2,1419.2
201907051104,1418.8,1419,1418.5,1418.6,1419.2,1419.4,1418.9,1419
201907051105,1418.6,1419.1,1418.6,1419,1419,1419.5,1419,1419.4
201907051106,1419,1419.2,1418.9,1419.1,1419.4,1419.6,1419.3,1419.5
201907051107,1419.1,1419.2,1419.1,1419.2,1419.5,1419.6,1419.5,1419.6
201907051108,1419.2,1419.2,1418.8,1418.8,1419.6,1419.6,1419.2,1419.2
201907051109,1418.8,1419.2,1418.8,1419.2,1419.2,1419.6,1419.2,1419.6
201907051110,1419.2,1419.6,1419.1,1419.4,1419.6,1420,1419.5,1419.8
201907051111,1419.4,1419.5,1419.4,1419.4,1419.8,1419.9,1419.8,1419.8
201907051112,1419.4,1419.4,1419,1419.1,1419.8,1419.8,1419.4,1419.5
201907051113,1419.2,1419.3,1419.1,1419.1,1419.6,1419.7,1419.5,1419.5
201907051114,1419,1419.4,1419,1419.4,1419.4,1419.8,1419.4,1419.8
201907051115,1419.4,1419.5,1419.2,1419.2,1419.8,1419.9,1419.6,1419.6
201907051116,1419.2,1419.3,1419,1419,1419.6,1419.7,1419.4,1419.4
201907051117,1419,1419.3,1418.7,1418.8,1419.4,1419.7,1419.1,1419.2
201907051118,1418.8,1418.8,1418.7,1418.7,1419.2,1419.2,1419.1,1419.1
201907051119,1418.7,1418.7,1418.5,1418.6,1419.1,1419.1,1418.9,1419
201907051120,1418.6,1418.7,1418.5,1418.6,1419,1419.1,1418.9,1419
201907051121,1418.6,1418.8,1418.6,1418.8,1419,1419.2,1419,1419.2
201907051122,1418.8,1419,1418.8,1418.9,1419.2,1419.4,1419.2,1419.3
201907051123,1418.9,1419,1418.8,1418.9,1419.3,1419.4,1419.2,1419.3
201907051124,1418.9,1418.9,1418.7,1418.7,1419.3,1419.3,1419.1,1419.1
201907051125,1418.7,1418.7,1418.5,1418.5,1419.1,1419.1,1418.9,1418.9
201907051126,1418.6,1418.6,1418.4,1418.6,1419,1419,1418.8,1419
201907051127,1418.6,1418.8,1418.5,1418.8,1419,1419.2,1418.9,1419.2
201907051128,1418.8,1418.8,1418.4,1418.5,1419.2,1419.2,1418.8,1418.9
201907051129,1418.5,1418.7,1418.5,1418.7,1418.9,1419.1,1418.9,1419.1
201907051130,1418.7,1418.7,1418,1418.1,1419.1,1419.1,1418.4,1418.5
201907051131,1418.3,1418.6,1418.2,1418.5,1418.7,1419,1418.6,1418.9
201907051132,1418.5,1418.6,1418.4,1418.5,1418.9,1419,1418.8,1418.9
201907051133,1418.5,1418.5,1418.3,1418.4,1418.9,1418.9,1418.7,1418.8
201907051134,1418.4,1418.4,1418.2,1418.2,1418.8,1418.8,1418.6,1418.6
201907051135,1418.2,1418.2,1417.1,1417.1,1418.6,1418.6,1417.5,1417.5
201907051136,1417.1,1417.6,1416.8,1417.4,1417.5,1418,1417.2,1417.8
201907051137,1417.4,1417.7,1417.2,1417.2,1417.8,1418.1,1417.6,1417.6
201907051138,1417.3,1417.4,1417.1,1417.3,1417.7,1417.8,1417.5,1417.7
201907051139,1417.3,1417.4,1417.1,1417.3,1417.7,1417.8,1417.5,1417.7
201907051140,1417.3,1417.7,1417.3,1417.6,1417.7,1418.1,1417.7,1418
201907051141,1417.6,1417.8,1417.6,1417.7,1418,1418.2,1418,1418.1
201907051142,1417.7,1417.7,1417.2,1417.5,1418.1,1418.1,1417.6,1417.9
201907051143,1417.5,1417.6,1417.3,1417.6,1417.9,1418,1417.7,1418
201907051144,1417.6,1417.6,1417,1417.1,1418,1418,1417.4,1417.5
201907051145,1417.1,1417.3,1417.1,1417.1,1417.5,1417.7,1417.5,1417.5
201907051146,1417.1,1417.6,1417.1,1417.6,1417.5,1418,1417.5,1418
201907051147,1417.6,1417.6,1417.4,1417.4,1418,1418,1417.8,1417.8
201907051148,1417.4,1417.5,1417.3,1417.5,1417.8,1417.9,1417.7,1417.9
201907051149,1417.5,1417.6,1417.5,1417.5,1417.9,1418,1417.9,1417.9
201907051150,1417.5,1417.7,1417.4,1417.7,1417.9,1418.1,1417.8,1418.1
201907051151,1417.6,1417.7,1417.5,1417.5,1418,1418.1,1417.9,1417.9
201907051152,1417.5,1417.7,1417.4,1417.4,1417.9,1418.1,1417.8,1417.8
201907051153,1417.4,1417.7,1417.4,1417.7,1417.8,1418.1,1417.8,1418.1
201907051154,1417.7,1417.9,1417.7,1417.8,1418.1,1418.3,1418.1,1418.2
201907051155,1417.9,1417.9,1417.6,1417.7,1418.3,1418.3,1418,1418.1
201907051156,1417.7,1417.8,1417.7,1417.7,1418.1,1418.2,1418.1,1418.1
201907051157,1417.7,1417.8,1417.6,1417.7,1418.1,1418.2,1418,1418.1
201907051158,1417.7,1417.9,1417.7,1417.8,1418.1,1418.3,1418.1,1418.2
201907051159,1417.8,1417.8,1417.1,1417.3,1418.2,1418.2,1417.5,1417.7
201907051200,1417.3,1417.5,1417.3,1417.4,1417.7,1417.9,1417.7,1417.8
201907051201,1417.4,1417.5,1417.4,1417.5,1417.8,1417.9,1417.8,1417.9
201907051202,1417.5,1417.7,1417.4,1417.5,1417.9,1418.1,1417.8,1417.9
201907051203,1417.5,1417.5,1417.3,1417.3,1417.9,1417.9,1417.7,1417.7
201907051204,1417.4,1417.4,1417.3,1417.4,1417.8,1417.8,1417.7,1417.8
201907051205,1417.3,1417.3,1417.1,1417.2,1417.7,1417.7,1417.5,1417.6
201907051206,1417.1,1417.4,1417,1417.3,1417.5,1417.8,1417.4,1417.7
201907051207,1417.3,1417.3,1417.2,1417.3,1417.7,1417.7,1417.6,1417.7
201907051208,1417.3,1417.5,1417.3,1417.4,1417.7,1417.9,1417.7,1417.8
201907051209,1417.4,1417.8,1417.4,1417.8,1417.8,1418.2,1417.8,1418.2
201907051210,1417.8,1417.9,1417.6,1417.8,1418.2,1418.3,1418,1418.2
201907051211,1417.8,1417.8,1417.8,1417.8,1418.2,1418.2,1418.2,1418.2
201907051212,1417.9,1417.9,1417.8,1417.9,1418.3,1418.3,1418.2,1418.3
201907051213,1417.9,1418,1417.5,1417.5,1418.3,1418.4,1417.9,1417.9
201907051214,1417.5,1417.7,1417.4,1417.7,1417.9,1418.1,1417.8,1418.1
201907051215,1417.7,1417.7,1417.6,1417.6,1418.1,1418.1,1418,1418
201907051216,1417.6,1417.6,1417.4,1417.4,1418,1418,1417.8,1417.8
201907051217,1417.4,1417.6,1417.4,1417.6,1417.8,1418,1417.8,1418
201907051218,1417.6,1417.7,1417.4,1417.4,1418,1418.1,1417.8,1417.8
201907051219,1417.4,1417.5,1417.4,1417.5,1417.8,1417.9,1417.8,1417.9
201907051220,1417.5,1417.6,1417.4,1417.4,1417.9,1418,1417.8,1417.8
201907051221,1417.4,1417.4,1417.3,1417.4,1417.8,1417.8,1417.7,1417.8
201907051222,1417.4,1417.4,1417.3,1417.4,1417.8,1417.8,1417.7,1417.8
201907051223,1417.4,1417.5,1417.3,1417.4,1417.8,1417.9,1417.7,1417.8
201907051224,1417.4,1417.4,1417.3,1417.3,1417.8,1417.8,1417.7,1417.7
201907051225,1417.3,1417.4,1417.3,1417.4,1417.7,1417.8,1417.7,1417.8
201907051226,1417.4,1417.4,1417.3,1417.3,1417.8,1417.8,1417.7,1417.7
201907051227,1417.3,1417.4,1417.3,1417.4,1417.7,1417.8,1417.7,1417.8
201907051228,1417.4,1417.5,1417.4,1417.5,1417.8,1417.9,1417.8,1417.9
201907051229,1417.5,1417.5,1417.3,1417.4,1417.9,1417.9,1417.7,1417.8
201907051230,1417.4,1417.4,1417.2,1417.3,1417.8,1417.8,1417.6,1417.7
201907051231,1417.3,1417.4,1417.3,1417.3,1417.7,1417.8,1417.7,1417.7
201907051232,1417.4,1417.5,1417.3,1417.5,1417.8,1417.9,1417.7,1417.9
201907051233,1417.5,1417.6,1417.5,1417.5,1417.9,1418,1417.9,1417.9
201907051234,1417.5,1417.6,1417.5,1417.5,1417.9,1418,1417.9,1417.9
201907051235,1417.6,1417.6,1417.5,1417.5,1418,1418,1417.9,1417.9
201907051236,1417.5,1417.7,1417.4,1417.7,1417.9,1418.1,1417.8,1418.1
201907051237,1417.7,1417.8,1417.4,1417.4,1418.1,1418.2,1417.8,1417.8
201907051238,1417.4,1417.9,1417.4,1417.9,1417.8,1418.3,1417.8,1418.3
201907051239,1417.9,1417.9,1417.8,1417.8,1418.3,1418.3,1418.2,1418.2
201907051240,1417.8,1417.9,1417.8,1417.8,1418.2,1418.3,1418.2,1418.2
201907051241,1417.8,1418.1,1417.8,1418,1418.2,1418.5,1418.2,1418.4
201907051242,1418,1418.4,1418,1418.3,1418.4,1418.8,1418.4,1418.7
201907051243,1418.3,1418.4,1418.2,1418.4,1418.7,1418.8,1418.6,1418.8
201907051244,1418.4,1418.4,1418.3,1418.4,1418.8,1418.8,1418.7,1418.8
201907051245,1418.4,1418.4,1418.1,1418.1,1418.8,1418.8,1418.5,1418.5
201907051246,1418.1,1418.2,1418.1,1418.2,1418.5,1418.6,1418.5,1418.6
201907051247,1418.2,1418.2,1418,1418,1418.6,1418.6,1418.4,1418.4
201907051248,1418,1418,1417.9,1417.9,1418.4,1418.4,1418.3,1418.3
201907051249,1418,1418.1,1417.9,1418.1,1418.4,1418.5,1418.3,1418.5
201907051250,1418.1,1418.1,1418,1418,1418.5,1418.5,1418.4,1418.4
201907051251,1418,1418.3,1418,1418.1,1418.4,1418.7,1418.4,1418.5
201907051252,1418.1,1418.2,1418.1,1418.1,1418.5,1418.6,1418.5,1418.5
201907051253,1418.1,1418.2,1418.1,1418.1,1418.5,1418.6,1418.5,1418.5
201907051254,1418.1,1418.2,1418,1418.2,1418.5,1418.6,1418.4,1418.6
201907051255,1418.2,1418.3,1418.1,1418.2,1418.6,1418.7,1418.5,1418.6
201907051256,1418.2,1418.4,1418.2,1418.4,1418.6,1418.8,1418.6,1418.8
201907051257,1418.4,1418.6,1418.4,1418.5,1418.8,1419,1418.8,1418.9
201907051258,1418.4,1418.5,1418.4,1418.4,1418.8,1418.9,1418.8,1418.8
201907051259,1418.4,1418.4,1418.1,1418.1,1418.8,1418.8,1418.5,1418.5
201907051300,1418.1,1418.3,1418.1,1418.2,1418.5,1418.7,1418.5,1418.6
201907051301,1418.2,1418.3,1418.2,1418.2,1418.6,1418.7,1418.6,1418.6
201907051302,1418.2,1418.2,1418,1418.2,1418.6,1418.6,1418.4,1418.6
201907051303,1418.2,1418.2,1418,1418.1,1418.6,1418.6,1418.4,1418.5
201907051304,1418.1,1418.1,1418,1418,1418.5,1418.5,1418.4,1418.4
201907051305,1418,1418.1,1418,1418,1418.4,1418.5,1418.4,1418.4
201907051306,1417.9,1418,1417.9,1417.9,1418.3,1418.4,1418.3,1418.3
201907051307,1418,1418.1,1418,1418.1,1418.4,1418.5,1418.4,1418.5
201907051308,1418.1,1418.3,1418.1,1418.2,1418.5,1418.7,1418.5,1418.6
201907051309,1418.2,1418.3,1418.2,1418.2,1418.6,1418.7,1418.6,1418.6
201907051310,1418.2,1418.3,1418.2,1418.2,1418.6,1418.7,1418.6,1418.6
201907051311,1418.2,1418.2,1418.2,1418.2,1418.6,1418.6,1418.6,1418.6
201907051312,1418.2,1418.2,1417.9,1418.1,1418.6,1418.6,1418.3,1418.5
201907051313,1418.1,1418.1,1418,1418.1,1418.5,1418.5,1418.4,1418.5
201907051314,1418.2,1418.2,1418,1418,1418.6,1418.6,1418.4,1418.4
201907051315,1418,1418,1417.7,1417.7,1418.4,1418.4,1418.1,1418.1
201907051316,1417.7,1418.1,1417.7,1418,1418.1,1418.5,1418.1,1418.4
201907051317,1418,1418.1,1418,1418.1,1418.4,1418.5,1418.4,1418.5
201907051318,1418.1,1418.1,1418,1418.1,1418.5,1418.5,1418.4,1418.5
201907051319,1418.1,1418.1,1418,1418,1418.5,1418.5,1418.4,1418.4
201907051320,1418,1418,1417.9,1418,1418.4,1418.4,1418.3,1418.4
201907051321,1418,1418,1417.7,1417.8,1418.4,1418.4,1418.1,1418.2
201907051322,1417.8,1417.8,1417.6,1417.7,1418.2,1418.2,1418,1418.1
201907051323,1417.7,1417.8,1417.6,1417.7,1418.1,1418.2,1418,1418.1
201907051324,1417.7,1417.8,1417.4,1417.4,1418.1,1418.2,1417.8,1417.8
201907051325,1417.4,1417.6,1417.3,1417.6,1417.8,1418,1417.7,1418
201907051326,1417.6,1417.9,1417.5,1417.9,1418,1418.3,1417.9,1418.3
201907051327,1417.9,1417.9,1417.3,1417.3,1418.3,1418.3,1417.7,1417.7
201907051328,1417.3,1417.4,1417.1,1417.2,1417.7,1417.8,1417.5,1417.6
201907051329,1417.2,1417.2,1416.4,1417.1,1417.6,1417.6,1416.8,1417.5
201907051330,1417.1,1417.3,1416.9,1417.2,1417.5,1417.7,1417.3,1417.6
201907051331,1417.2,1417.3,1416.8,1417,1417.6,1417.7,1417.2,1417.4
201907051332,1417,1417,1416.7,1416.7,1417.4,1417.4,1417.1,1417.1
201907051333,1416.8,1417.3,1416.8,1417.3,1417.2,1417.7,1417.2,1417.7
201907051334,1417.3,1417.3,1417,1417.2,1417.7,1417.7,1417.4,1417.6
201907051335,1417.3,1417.3,1417.2,1417.2,1417.7,1417.7,1417.6,1417.6
201907051336,1417.2,1417.3,1417.1,1417.1,1417.6,1417.7,1417.5,1417.5
201907051337,1417.1,1417.1,1416.8,1416.8,1417.5,1417.5,1417.2,1417.2
201907051338,1416.8,1417.2,1416.8,1417.2,1417.2,1417.6,1417.2,1417.6
201907051339,1417.2,1417.4,1417,1417.1,1417.6,1417.8,1417.4,1417.5
201907051340,1417.1,1417.3,1417.1,1417.3,1417.5,1417.7,1417.5,1417.7
201907051341,1417.2,1417.4,1417.2,1417.4,1417.6,1417.8,1417.6,1417.8
201907051342,1417.4,1417.5,1417.4,1417.5,1417.8,1417.9,1417.8,1417.9
201907051343,1417.5,1417.5,1417.4,1417.4,1417.9,1417.9,1417.8,1417.8
201907051344,1417.4,1417.5,1417.4,1417.5,1417.8,1417.9,1417.8,1417.9
201907051345,1417.5,1417.5,1417.5,1417.5,1417.9,1417.9,1417.9,1417.9
201907051346,1417.5,1417.5,1417.4,1417.5,1417.9,1417.9,1417.8,1417.9
201907051347,1417.5,1417.5,1417.4,1417.5,1417.9,1417.9,1417.8,1417.9
201907051348,1417.5,1417.5,1417.5,1417.5,1417.9,1417.9,1417.9,1417.9
201907051349,1417.5,1417.5,1417.5,1417.5,1417.9,1417.9,1417.9,1417.9
201907051350,1417.5,1417.5,1417.2,1417.3,1417.9,1417.9,1417.6,1417.7
201907051351,1417.3,1417.3,1417.2,1417.3,1417.7,1417.7,1417.6,1417.7
201907051352,1417.3,1417.4,1417.2,1417.4,1417.7,1417.8,1417.6,1417.8
201907051353,1417.4,1417.5,1417.4,1417.4,1417.8,1417.9,1417.8,1417.8
201907051354,1417.4,1417.5,1417.3,1417.3,1417.8,1417.9,1417.7,1417.7
201907051355,1417.3,1417.4,1417.2,1417.3,1417.7,1417.8,1417.6,1417.7
201907051356,1417.3,1417.3,1417.2,1417.3,1417.7,1417.7,1417.6,1417.7
201907051357,1417.3,1417.3,1417.2,1417.3,1417.7,1417.7,1417.6,1417.7
201907051358,1417.3,1417.4,1417.3,1417.4,1417.7,1417.8,1417.7,1417.8
201907051359,1417.3,1417.3,1417.3,1417.3,1417.7,1417.7,1417.7,1417.7
201907051400,1417.3,1417.5,1417.2,1417.5,1417.7,1417.9,1417.6,1417.9
201907051401,1417.5,1417.5,1417.3,1417.4,1417.9,1417.9,1417.7,1417.8
201907051402,1417.4,1417.4,1417.3,1417.3,1417.8,1417.8,1417.7,1417.7
201907051403,1417.3,1417.3,1417,1417,1417.7,1417.7,1417.4,1417.4
201907051404,1417,1417.1,1416.9,1417,1417.4,1417.5,1417.3,1417.4
201907051405,1417,1417,1417,1417,1417.4,1417.4,1417.4,1417.4
201907051406,1417,1417,1416.7,1416.7,1417.4,1417.4,1417.1,1417.1
201907051407,1416.7,1416.7,1416.6,1416.7,1417.1,1417.1,1417,1417.1
201907051408,1416.7,1416.7,1416.6,1416.7,1417.1,1417.1,1417,1417.1
201907051409,1416.7,1416.7,1416.5,1416.7,1417.1,1417.1,1416.9,1417.1
201907051410,1416.7,1416.8,1416.7,1416.8,1417.1,1417.2,1417.1,1417.2
201907051411,1416.8,1417.1,1416.8,1417.1,1417.2,1417.5,1417.2,1417.5
201907051412,1417.1,1417.1,1416.9,1417.1,1417.5,1417.5,1417.3,1417.5
201907051413,1417.2,1417.2,1417,1417,1417.6,1417.6,1417.4,1417.4
201907051414,1417,1417.1,1417,1417.1,1417.4,1417.5,1417.4,1417.5
201907051415,1417.1,1417.2,1417,1417.2,1417.5,1417.6,1417.4,1417.6
201907051416,1417.2,1417.3,1417.2,1417.3,1417.6,1417.7,1417.6,1417.7
201907051417,1417.3,1417.3,1417.2,1417.2,1417.7,1417.7,1417.6,1417.6
201907051418,1417.2,1417.3,1417.2,1417.2,1417.6,1417.7,1417.6,1417.6
201907051419,1417.2,1417.3,1417.2,1417.2,1417.6,1417.7,1417.6,1417.6
201907051420,1417.2,1417.3,1417.2,1417.3,1417.6,1417.7,1417.6,1417.7
201907051421,1417.3,1417.3,1417.2,1417.2,1417.7,1417.7,1417.6,1417.6
201907051422,1417.2,1417.4,1417.2,1417.3,1417.6,1417.8,1417.6,1417.7
201907051423,1417.3,1417.3,1417.1,1417.1,1417.7,1417.7,1417.5,1417.5
201907051424,1417.1,1417.1,1417,1417.1,1417.5,1417.5,1417.4,1417.5
201907051425,1417.1,1417.6,1417.1,1417.5,1417.5,1418,1417.5,1417.9
201907051426,1417.6,1417.7,1417.5,1417.6,1418,1418.1,1417.9,1418
201907051427,1417.6,1417.6,1417.5,1417.5,1418,1418,1417.9,1417.9
201907051428,1417.5,1417.7,1417.5,1417.7,1417.9,1418.1,1417.9,1418.1
201907051429,1417.7,1417.7,1417.7,1417.7,1418.1,1418.1,1418.1,1418.1
201907051430,1417.7,1418.1,1417.7,1417.9,1418.1,1418.5,1418.1,1418.3
201907051431,1417.9,1418,1417.8,1417.9,1418.3,1418.4,1418.2,1418.3
201907051432,1417.9,1417.9,1417.6,1417.7,1418.3,1418.3,1418,1418.1
201907051433,1417.6,1417.7,1417.4,1417.5,1418,1418.1,1417.8,1417.9
201907051434,1417.5,1417.8,1417.4,1417.7,1417.9,1418.2,1417.8,1418.1
201907051435,1417.7,1418,1417.7,1418,1418.1,1418.4,1418.1,1418.4
201907051436,1417.9,1417.9,1417.8,1417.8,1418.3,1418.3,1418.2,1418.2
201907051437,1417.8,1417.9,1417.8,1417.8,1418.2,1418.3,1418.2,1418.2
201907051438,1417.8,1417.8,1417.1,1417.4,1418.2,1418.2,1417.5,1417.8
201907051439,1417.4,1417.4,1417.1,1417.1,1417.8,1417.8,1417.5,1417.5
201907051440,1417.1,1417.3,1417.1,1417.3,1417.5,1417.7,1417.5,1417.7
201907051441,1417.3,1417.3,1417.1,1417.2,1417.7,1417.7,1417.5,1417.6
201907051442,1417.2,1417.4,1417.1,1417.4,1417.6,1417.8,1417.5,1417.8
201907051443,1417.4,1417.5,1417.3,1417.5,1417.8,1417.9,1417.7,1417.9
201907051444,1417.5,1417.8,1417.5,1417.8,1417.9,1418.2,1417.9,1418.2
201907051445,1417.8,1418,1417.7,1417.8,1418.2,1418.4,1418.1,1418.2
201907051446,1417.8,1417.8,1417.2,1417.2,1418.2,1418.2,1417.6,1417.6
201907051447,1417.3,1417.6,1417.2,1417.3,1417.7,1418,1417.6,1417.7
201907051448,1417.3,1417.4,1416.7,1416.9,1417.7,1417.8,1417.1,1417.3
201907051449,1416.9,1417,1414.9,1415.8,1417.3,1417.4,1415.3,1416.2
201907051450,1415.8,1416.3,1415.7,1415.9,1416.2,1416.7,1416.1,1416.3
201907051451,1415.9,1416.1,1415.7,1415.8,1416.3,1416.5,1416.1,1416.2
201907051452,1415.8,1416,1415.4,1415.5,1416.2,1416.4,1415.8,1415.9
201907051453,1415.5,1415.7,1415.4,1415.7,1415.9,1416.1,1415.8,1416.1
201907051454,1415.7,1416.2,1415.7,1416.2,1416.1,1416.6,1416.1,1416.6
201907051455,1416.2,1416.2,1415.8,1416,1416.6,1416.6,1416.2,1416.4
201907051456,1416,1416.3,1415.9,1416.3,1416.4,1416.7,1416.3,1416.7
201907051457,1416.3,1416.3,1415.7,1416,1416.7,1416.7,1416.1,1416.4
201907051458,1416,1416.1,1415.9,1416,1416.4,1416.5,1416.3,1416.4
201907051459,1416,1416.1,1415.9,1415.9,1416.4,1416.5,1416.3,1416.3
201907051500,1415.9,1416.5,1415.8,1416,1416.3,1416.9,1416.2,1416.4
201907051501,1416,1416,1415.5,1415.9,1416.4,1416.4,1415.9,1416.3
201907051502,1415.9,1415.9,1415.2,1415.2,1416.3,1416.3,1415.6,1415.6
201907051503,1415.2,1415.7,1415.2,1415.4,1415.6,1416.1,1415.6,1415.8
201907051504,1415.4,1415.4,1415.2,1415.3,1415.8,1415.8,1415.6,1415.7
201907051505,1415.3,1415.3,1414.9,1415,1415.7,1415.7,1415.3,1415.4
201907051506,1415,1415.1,1414.8,1415,1415.4,1415.5,1415.2,1415.4
201907051507,1415,1415,1414.5,1414.7,1415.4,1415.4,1414.9,1415.1
201907051508,1414.7,1414.7,1412.8,1413.1,1415.1,1415.1,1413.2,1413.5
201907051509,1413.2,1413.9,1413.1,1413.6,1413.6,1414.3,1413.5,1414
201907051510,1413.6,1414.1,1413.5,1414.1,1414,1414.5,1413.9,1414.5
201907051511,1414.1,1414.1,1413.5,1413.7,1414.5,1414.5,1413.9,1414.1
201907051512,1413.7,1414,1413,1413,1414.1,1414.4,1413.4,1413.4
201907051513,1413,1413.3,1412.1,1413.1,1413.4,1413.7,1412.5,1413.5
201907051514,1413.1,1413.5,1412.9,1413.3,1413.5,1413.9,1413.3,1413.7
201907051515,1413.3,1413.4,1413,1413.2,1413.7,1413.8,1413.4,1413.6
201907051516,1413.2,1413.6,1413.2,1413.4,1413.6,1414,1413.6,1413.8
201907051517,1413.4,1413.9,1413.2,1413.8,1413.8,1414.3,1413.6,1414.2
201907051518,1413.8,1414.2,1413.6,1414.1,1414.2,1414.6,1414,1414.5
201907051519,1414.1,1414.1,1413.6,1413.7,1414.5,1414.5,1414,1414.1
201907051520,1413.7,1413.9,1413.7,1413.9,1414.1,1414.3,1414.1,1414.3
201907051521,1413.9,1414.1,1413.9,1414,1414.3,1414.5,1414.3,1414.4
201907051522,1414.1,1414.1,1413.8,1413.8,1414.5,1414.5,1414.2,1414.2
201907051523,1413.9,1414,1413.6,1413.9,1414.3,1414.4,1414,1414.3
201907051524,1413.9,1413.9,1413.5,1413.6,1414.3,1414.3,1413.9,1414
201907051525,1413.6,1414.1,1413.5,1414,1414,1414.5,1413.9,1414.4
201907051526,1414,1414.1,1413.8,1414,1414.4,1414.5,1414.2,1414.4
201907051527,1413.9,1413.9,1413.8,1413.9,1414.3,1414.3,1414.2,1414.3
201907051528,1413.9,1413.9,1413.5,1413.5,1414.3,1414.3,1413.9,1413.9
201907051529,1413.5,1413.7,1413.5,1413.5,1413.9,1414.1,1413.9,1413.9
201907051530,1413.5,1413.7,1413.5,1413.7,1413.9,1414.1,1413.9,1414.1
201907051531,1413.7,1414,1413.7,1413.9,1414.1,1414.4,1414.1,1414.3
201907051532,1413.9,1413.9,1413.2,1413.8,1414.3,1414.3,1413.6,1414.2
201907051533,1413.8,1413.9,1413.6,1413.8,1414.2,1414.3,1414,1414.2
201907051534,1413.8,1414.3,1413.8,1414.1,1414.2,1414.7,1414.2,1414.5
201907051535,1414.1,1414.1,1413.7,1413.8,1414.5,1414.5,1414.1,1414.2
201907051536,1413.8,1413.9,1413.4,1413.6,1414.2,1414.3,1413.8,1414
201907051537,1413.6,1413.9,1413.6,1413.8,1414,1414.3,1414,1414.2
201907051538,1413.8,1414,1413.4,1413.6,1414.2,1414.4,1413.8,1414
201907051539,1413.6,1413.9,1413.4,1413.8,1414,1414.3,1413.8,1414.2
201907051540,1413.8,1413.8,1413.5,1413.7,1414.2,1414.2,1413.9,1414.1
201907051541,1413.7,1413.7,1413.5,1413.6,1414.1,1414.1,1413.9,1414
201907051542,1413.6,1413.7,1413.4,1413.7,1414,1414.1,1413.8,1414.1
201907051543,1413.7,1413.8,1413.6,1413.8,1414.1,1414.2,1414,1414.2
201907051544,1413.8,1413.8,1413.4,1413.5,1414.2,1414.2,1413.8,1413.9
201907051545,1413.5,1413.8,1413.4,1413.8,1413.9,1414.2,1413.8,1414.2
201907051546,1413.7,1413.9,1413.5,1413.7,1414.1,1414.3,1413.9,1414.1
201907051547,1413.7,1413.9,1413.6,1413.7,1414.1,1414.3,1414,1414.1
201907051548,1413.7,1413.9,1413.5,1413.7,1414.1,1414.3,1413.9,1414.1
201907051549,1413.7,1414,1413.7,1413.9,1414.1,1414.4,1414.1,1414.3
201907051550,1413.9,1414,1413.8,1413.8,1414.3,1414.4,1414.2,1414.2
201907051551,1413.8,1414,1413.8,1414,1414.2,1414.4,1414.2,1414.4
201907051552,1413.9,1414.2,1413.8,1414.2,1414.3,1414.6,1414.2,1414.6
201907051553,1414.2,1414.3,1413.8,1414.3,1414.6,1414.7,1414.2,1414.7
201907051554,1414.3,1414.4,1413.8,1414,1414.7,1414.8,1414.2,1414.4
201907051555,1414.1,1414.1,1413.6,1413.6,1414.5,1414.5,1414,1414
201907051556,1413.6,1414.2,1413.6,1414.1,1414,1414.6,1414,1414.5
201907051557,1414.1,1414.3,1414,1414.1,1414.5,1414.7,1414.4,1414.5
201907051558,1414.1,1414.3,1414,1414.1,1414.5,1414.7,1414.4,1414.5
201907051559,1414.1,1414.1,1414,1414.1,1414.5,1414.5,1414.4,1414.5
201907051600,1414,1414.3,1413.9,1414.3,1414.4,1414.7,1414.3,1414.7
201907051601,1414.3,1414.6,1414.3,1414.6,1414.7,1415,1414.7,1415
201907051602,1414.6,1414.8,1414.4,1414.7,1415,1415.2,1414.8,1415.1
201907051603,1414.7,1414.8,1414.7,1414.8,1415.1,1415.2,1415.1,1415.2
201907051604,1414.8,1415,1414.7,1415,1415.2,1415.4,1415.1,1415.4
201907051605,1415,1415.1,1414.9,1415.1,1415.4,1415.5,1415.3,1415.5
201907051606,1415.1,1415.8,1415.1,1415.6,1415.5,1416.2,1415.5,1416
201907051607,1415.6,1415.8,1415.3,1415.4,1416,1416.2,1415.7,1415.8
201907051608,1415.4,1415.6,1415,1415.1,1415.8,1416,1415.4,1415.5
201907051609,1415.1,1415.2,1414.9,1415.1,1415.5,1415.6,1415.3,1415.5
201907051610,1415.1,1415.4,1415.1,1415.2,1415.5,1415.8,1415.5,1415.6
201907051611,1415.2,1415.4,1414.9,1415,1415.6,1415.8,1415.3,1415.4
201907051612,1415.1,1415.4,1415.1,1415.3,1415.5,1415.8,1415.5,1415.7
201907051613,1415.3,1415.7,1415.3,1415.7,1415.7,1416.1,1415.7,1416.1
201907051614,1415.6,1415.7,1415.4,1415.5,1416,1416.1,1415.8,1415.9
201907051615,1415.5,1415.6,1415.1,1415.2,1415.9,1416,1415.5,1415.6
201907051616,1415.2,1415.3,1415,1415.3,1415.6,1415.7,1415.4,1415.7
201907051617,1415.3,1415.3,1415.1,1415.1,1415.7,1415.7,1415.5,1415.5
201907051618,1415.1,1415.1,1414.9,1415,1415.5,1415.5,1415.3,1415.4
201907051619,1415,1415,1414.9,1415,1415.4,1415.4,1415.3,1415.4
201907051620,1415,1415.2,1415,1415.2,1415.4,1415.6,1415.4,1415.6
201907051621,1415.2,1415.6,1415.2,1415.4,1415.6,1416,1415.6,1415.8
201907051622,1415.4,1415.7,1415.4,1415.6,1415.8,1416.1,1415.8,1416
201907051623,1415.6,1415.9,1415.6,1415.7,1416,1416.3,1416,1416.1
201907051624,1415.7,1416,1415.6,1415.9,1416.1,1416.4,1416,1416.3
201907051625,1415.9,1415.9,1415.6,1415.7,1416.3,1416.3,1416,1416.1
201907051626,1415.7,1416.1,1415.6,1415.8,1416.1,1416.5,1416,1416.2
201907051627,1415.8,1416,1415.7,1415.7,1416.2,1416.4,1416.1,1416.1
201907051628,1415.7,1415.9,1415.7,1415.8,1416.1,1416.3,1416.1,1416.2
201907051629,1415.8,1416,1415.7,1415.9,1416.2,1416.4,1416.1,1416.3
201907051630,1415.9,1416,1415.8,1415.8,1416.3,1416.4,1416.2,1416.2
201907051631,1415.8,1415.9,1415.8,1415.9,1416.2,1416.3,1416.2,1416.3
201907051632,1415.9,1416,1415.8,1416,1416.3,1416.4,1416.2,1416.4
201907051633,1416,1416,1415.8,1415.9,1416.4,1416.4,1416.2,1416.3
201907051634,1415.9,1416.2,1415.5,1415.5,1416.3,1416.6,1415.9,1415.9
201907051635,1415.5,1415.9,1415.4,1415.6,1415.9,1416.3,1415.8,1416
201907051636,1415.6,1415.8,1415,1415.2,1416,1416.2,1415.4,1415.6
201907051637,1415.2,1415.3,1415,1415.3,1415.6,1415.7,1415.4,1415.7
201907051638,1415.3,1415.4,1414.9,1415,1415.7,1415.8,1415.3,1415.4
201907051639,1415,1415.3,1414.9,1415.2,1415.4,1415.7,1415.3,1415.6
201907051640,1415.2,1415.5,1415.2,1415.5,1415.6,1415.9,1415.6,1415.9
201907051641,1415.5,1415.7,1415.3,1415.3,1415.9,1416.1,1415.7,1415.7
201907051642,1415.3,1415.4,1414.8,1415,1415.7,1415.8,1415.2,1415.4
201907051643,1414.9,1415.4,1414.7,1414.7,1415.3,1415.8,1415.1,1415.1
201907051644,1414.7,1415,1414.4,1414.8,1415.1,1415.4,1414.8,1415.2
201907051645,1414.7,1414.7,1414.4,1414.5,1415.1,1415.1,1414.8,1414.9
201907051646,1414.5,1414.6,1414.4,1414.5,1414.9,1415,1414.8,1414.9
201907051647,1414.5,1414.7,1414.3,1414.5,1414.9,1415.1,1414.7,1414.9
201907051648,1414.5,1414.5,1414.1,1414.1,1414.9,1414.9,1414.5,1414.5
201907051649,1414.1,1414.4,1414.1,1414.2,1414.5,1414.8,1414.5,1414.6
201907051650,1414.2,1414.6,1414.2,1414.4,1414.6,1415,1414.6,1414.8
201907051651,1414.4,1414.4,1414.1,1414.1,1414.8,1414.8,1414.5,1414.5
201907051652,1414.1,1414.1,1413.6,1413.6,1414.5,1414.5,1414,1414
201907051653,1413.6,1413.9,1413.5,1413.9,1414,1414.3,1413.9,1414.3
201907051654,1413.9,1413.9,1413.6,1413.7,1414.3,1414.3,1414,1414.1
201907051655,1413.7,1414.2,1413.7,1414.1,1414.1,1414.6,1414.1,1414.5
201907051656,1414.1,1414.1,1413.8,1414.1,1414.5,1414.5,1414.2,1414.5
201907051657,1414.1,1414.3,1413.9,1413.9,1414.5,1414.7,1414.3,1414.3
201907051658,1413.9,1413.9,1413.1,1413.2,1414.3,1414.3,1413.5,1413.6
201907051659,1413.2,1413.6,1413,1413.6,1413.6,1414,1413.4,1414
201907051700,1413.5,1413.5,1413.2,1413.2,1413.9,1413.9,1413.6,1413.6
201907051701,1413.2,1413.5,1413.2,1413.4,1413.6,1413.9,1413.6,1413.8
201907051702,1413.4,1413.6,1413.1,1413.3,1413.8,1414,1413.5,1413.7
201907051703,1413.2,1413.3,1412.5,1412.5,1413.6,1413.7,1412.9,1412.9
201907051704,1412.5,1413.9,1412.5,1413.4,1412.9,1414.3,1412.9,1413.8
201907051705,1413.5,1413.7,1413.3,1413.7,1413.9,1414.1,1413.7,1414.1
201907051706,1413.7,1413.7,1413.3,1413.7,1414.1,1414.1,1413.7,1414.1
201907051707,1413.7,1413.9,1413.6,1413.7,1414.1,1414.3,1414,1414.1
201907051708,1413.7,1413.9,1413.7,1413.8,1414.1,1414.3,1414.1,1414.2
201907051709,1413.8,1414,1413.6,1413.6,1414.2,1414.4,1414,1414
201907051710,1413.6,1413.7,1413.5,1413.7,1414,1414.1,1413.9,1414.1
201907051711,1413.7,1413.7,1413.4,1413.7,1414.1,1414.1,1413.8,1414.1
201907051712,1413.7,1414.1,1413.7,1414,1414.1,1414.5,1414.1,1414.4
201907051713,1414,1414.4,1413.9,1414.2,1414.4,1414.8,1414.3,1414.6
201907051714,1414.2,1414.2,1413.5,1413.9,1414.6,1414.6,1413.9,1414.3
201907051715,1413.9,1414.3,1413.8,1414.2,1414.3,1414.7,1414.2,1414.6
201907051716,1414.2,1414.7,1414.2,1414.2,1414.6,1415.1,1414.6,1414.6
201907051717,1414.2,1414.3,1414.2,1414.2,1414.6,1414.7,1414.6,1414.6
201907051718,1414.2,1414.3,1414.1,1414.2,1414.6,1414.7,1414.5,1414.6
201907051719,1414.2,1414.3,1414.1,1414.2,1414.6,1414.7,1414.5,1414.6
201907051720,1414.3,1414.3,1413.9,1414,1414.7,1414.7,1414.3,1414.4
201907051721,1414,1414.8,1414,1414.4,1414.4,1415.2,1414.4,1414.8
201907051722,1414.4,1414.6,1414.4,1414.4,1414.8,1415,1414.8,1414.8
201907051723,1414.4,1414.7,1414.3,1414.7,1414.8,1415.1,1414.7,1415.1
201907051724,1414.7,1414.7,1414.3,1414.4,1415.1,1415.1,1414.7,1414.8
201907051725,1414.4,1414.7,1414.4,1414.6,1414.8,1415.1,1414.8,1415
201907051726,1414.6,1414.8,1414.6,1414.6,1415,1415.2,1415,1415
201907051727,1414.6,1414.7,1414.5,1414.6,1415,1415.1,1414.9,1415
201907051728,1414.7,1414.7,1414.5,1414.6,1415.1,1415.1,1414.9,1415
201907051729,1414.6,1414.8,1414.6,1414.7,1415,1415.2,1415,1415.1
201907051730,1414.6,1414.6,1414.3,1414.3,1415,1415,1414.7,1414.7
201907051731,1414.3,1414.3,1414,1414.1,1414.7,1414.7,1414.4,1414.5
201907051732,1414.1,1414.3,1414.1,1414.2,1414.5,1414.7,1414.5,1414.6
201907051733,1414.2,1414.2,1413.8,1413.8,1414.6,1414.6,1414.2,1414.2
201907051734,1413.8,1414,1413.7,1414,1414.2,1414.4,1414.1,1414.4
201907051735,1414,1414,1413.7,1413.8,1414.4,1414.4,1414.1,1414.2
201907051736,1413.8,1413.9,1413.7,1413.9,1414.2,1414.3,1414.1,1414.3
201907051737,1413.9,1414.1,1413.8,1414.1,1414.3,1414.5,1414.2,1414.5
201907051738,1414.1,1414.5,1414.1,1414.5,1414.5,1414.9,1414.5,1414.9
201907051739,1414.5,1414.5,1414.3,1414.3,1414.9,1414.9,1414.7,1414.7
201907051740,1414.3,1414.5,1414.1,1414.2,1414.7,1414.9,1414.5,1414.6
201907051741,1414.2,1414.3,1413.7,1413.7,1414.6,1414.7,1414.1,1414.1
201907051742,1413.7,1413.9,1413.6,1413.7,1414.1,1414.3,1414,1414.1
201907051743,1413.7,1414.1,1413.6,1414,1414.1,1414.5,1414,1414.4
201907051744,1414,1414.2,1414,1414.2,1414.4,1414.6,1414.4,1414.6
201907051745,1414.2,1414.5,1414.2,1414.5,1414.6,1414.9,1414.6,1414.9
201907051746,1414.5,1414.5,1414.2,1414.3,1414.9,1414.9,1414.6,1414.7
201907051747,1414.3,1414.4,1414.1,1414.4,1414.7,1414.8,1414.5,1414.8
201907051748,1414.4,1414.6,1414.4,1414.4,1414.8,1415,1414.8,1414.8
201907051749,1414.4,1414.5,1414.3,1414.4,1414.8,1414.9,1414.7,1414.8
201907051750,1414.4,1414.5,1414,1414.1,1414.8,1414.9,1414.4,1414.5
201907051751,1414.1,1414.1,1413.8,1413.8,1414.5,1414.5,1414.2,1414.2
201907051752,1413.8,1413.9,1413.7,1413.8,1414.2,1414.3,1414.1,1414.2
201907051753,1413.8,1413.9,1413.7,1413.8,1414.2,1414.3,1414.1,1414.2
201907051754,1413.8,1413.8,1413.8,1413.8,1414.2,1414.2,1414.2,1414.2
201907051755,1413.8,1413.8,1413.7,1413.7,1414.2,1414.2,1414.1,1414.1
201907051756,1413.7,1413.9,1413.7,1413.8,1414.1,1414.3,1414.1,1414.2
201907051757,1413.8,1414,1413.8,1413.8,1414.2,1414.4,1414.2,1414.2
201907051758,1413.8,1413.9,1413.7,1413.9,1414.2,1414.3,1414.1,1414.3
201907051759,1413.9,1414,1413.8,1414,1414.3,1414.4,1414.2,1414.4
201907051800,1414,1414.1,1413.8,1413.8,1414.4,1414.5,1414.2,1414.2
201907051801,1413.8,1413.9,1413.6,1413.8,1414.2,1414.3,1414,1414.2
201907051802,1413.8,1414,1413.8,1413.9,1414.2,1414.4,1414.2,1414.3
201907051803,1413.9,1414.3,1413.9,1414.1,1414.3,1414.7,1414.3,1414.5
201907051804,1414.1,1414.1,1414,1414.1,1414.5,1414.5,1414.4,1414.5
201907051805,1414.1,1414.1,1414.1,1414.1,1414.5,1414.5,1414.5,1414.5
201907051806,1414.1,1414.2,1414,1414.2,1414.5,1414.6,1414.4,1414.6
201907051807,1414.2,1414.2,1413.9,1414,1414.6,1414.6,1414.3,1414.4
201907051808,1414,1414,1413.7,1413.8,1414.4,1414.4,1414.1,1414.2
201907051809,1413.8,1413.9,1413.7,1413.9,1414.2,1414.3,1414.1,1414.3
201907051810,1413.9,1413.9,1413.8,1413.8,1414.3,1414.3,1414.2,1414.2
201907051811,1413.8,1413.9,1413.8,1413.9,1414.2,1414.3,1414.2,1414.3
201907051812,1413.9,1414,1413.7,1413.7,1414.3,1414.4,1414.1,1414.1
201907051813,1413.7,1413.8,1413.7,1413.8,1414.1,1414.2,1414.1,1414.2
201907051814,1413.8,1413.8,1413.6,1413.6,1414.2,1414.2,1414,1414
201907051815,1413.6,1413.8,1413.6,1413.7,1414,1414.2,1414,1414.1
201907051816,1413.7,1414.1,1413.7,1414.1,1414.1,1414.5,1414.1,1414.5
201907051817,1414.1,1414.1,1414,1414,1414.5,1414.5,1414.4,1414.4
201907051818,1414,1414.1,1414,1414,1414.4,1414.5,1414.4,1414.4
201907051819,1414,1414.6,1414,1414.5,1414.4,1415,1414.4,1414.9
201907051820,1414.5,1414.7,1414.2,1414.6,1414.9,1415.1,1414.6,1415
201907051821,1414.6,1414.6,1414.4,1414.5,1415,1415,1414.8,1414.9
201907051822,1414.5,1414.5,1414.4,1414.5,1414.9,1414.9,1414.8,1414.9
201907051823,1414.5,1414.5,1414.3,1414.3,1414.9,1414.9,1414.7,1414.7
201907051824,1414.3,1414.3,1414,1414.1,1414.7,1414.7,1414.4,1414.5
201907051825,1414.1,1414.2,1414.1,1414.1,1414.5,1414.6,1414.5,1414.5
201907051826,1414.1,1414.2,1414.1,1414.1,1414.5,1414.6,1414.5,1414.5
201907051827,1414.1,1414.1,1413.8,1414,1414.5,1414.5,1414.2,1414.4
201907051828,1414,1414.4,1414,1414.4,1414.4,1414.8,1414.4,1414.8
201907051829,1414.4,1414.7,1414.4,1414.7,1414.8,1415.1,1414.8,1415.1
201907051830,1414.7,1414.8,1414.1,1414.1,1415.1,1415.2,1414.5,1414.5
201907051831,1414.1,1414.4,1414,1414.3,1414.5,1414.8,1414.4,1414.7
201907051832,1414.3,1414.3,1414,1414.1,1414.7,1414.7,1414.4,1414.5
201907051833,1414.1,1414.2,1414.1,1414.1,1414.5,1414.6,1414.5,1414.5
201907051834,1414.2,1414.2,1413.9,1413.9,1414.6,1414.6,1414.3,1414.3
201907051835,1413.9,1414.1,1413.8,1414.1,1414.3,1414.5,1414.2,1414.5
201907051836,1414.1,1414.2,1414,1414,1414.5,1414.6,1414.4,1414.4
201907051837,1414,1414,1414,1414,1414.4,1414.4,1414.4,1414.4
201907051838,1414,1414,1413.9,1414,1414.4,1414.4,1414.3,1414.4
201907051839,1414,1414.3,1414,1414.2,1414.4,1414.7,1414.4,1414.6
201907051840,1414.2,1414.3,1414.1,1414.1,1414.6,1414.7,1414.5,1414.5
201907051841,1414.1,1414.2,1414.1,1414.1,1414.5,1414.6,1414.5,1414.5
201907051842,1414.1,1414.1,1414.1,1414.1,1414.5,1414.5,1414.5,1414.5
201907051843,1414.1,1414.4,1414.1,1414.2,1414.5,1414.8,1414.5,1414.6
201907051844,1414.2,1414.2,1413.9,1414,1414.6,1414.6,1414.3,1414.4
201907051845,1414,1414.1,1413.9,1414,1414.4,1414.5,1414.3,1414.4
201907051846,1414,1414.3,1414,1414.2,1414.4,1414.7,1414.4,1414.6
201907051847,1414.2,1414.2,1414.1,1414.2,1414.6,1414.6,1414.5,1414.6
201907051848,1414.2,1414.3,1414.1,1414.2,1414.6,1414.7,1414.5,1414.6
201907051849,1414.2,1414.3,1414.1,1414.1,1414.6,1414.7,1414.5,1414.5
201907051850,1414.1,1414.1,1413.9,1413.9,1414.5,1414.5,1414.3,1414.3
201907051851,1413.9,1413.9,1413.8,1413.9,1414.3,1414.3,1414.2,1414.3
201907051852,1413.9,1414,1413.8,1414,1414.3,1414.4,1414.2,1414.4
201907051853,1414.1,1414.2,1414.1,1414.2,1414.5,1414.6,1414.5,1414.6
201907051854,1414.2,1414.3,1414.2,1414.3,1414.6,1414.7,1414.6,1414.7
201907051855,1414.3,1414.4,1414.2,1414.2,1414.7,1414.8,1414.6,1414.6
201907051856,1414.2,1414.2,1414,1414,1414.6,1414.6,1414.4,1414.4
201907051857,1414,1414.1,1414,1414.1,1414.4,1414.5,1414.4,1414.5
201907051858,1414.1,1414.1,1414,1414.1,1414.5,1414.5,1414.4,1414.5
201907051859,1414.1,1414.1,1414,1414,1414.5,1414.5,1414.4,1414.4
201907051900,1414,1414,1413.9,1413.9,1414.4,1414.4,1414.3,1414.3
201907051901,1413.9,1413.9,1413.9,1413.9,1414.3,1414.3,1414.3,1414.3
201907051902,1413.9,1414.1,1413.8,1414.1,1414.3,1414.5,1414.2,1414.5
201907051903,1414.1,1414.3,1414.1,1414.3,1414.5,1414.7,1414.5,1414.7
201907051904,1414.3,1414.3,1414.2,1414.2,1414.7,1414.7,1414.6,1414.6
201907051905,1414.2,1414.2,1414.1,1414.1,1414.6,1414.6,1414.5,1414.5
201907051906,1414.1,1414.1,1414,1414,1414.5,1414.5,1414.4,1414.4
201907051907,1414,1414.2,1413.9,1414.1,1414.4,1414.6,1414.3,1414.5
201907051908,1414.2,1414.4,1414.1,1414.3,1414.6,1414.8,1414.5,1414.7
201907051909,1414.3,1414.3,1414.2,1414.2,1414.7,1414.7,1414.6,1414.6
201907051910,1414.2,1414.2,1414.1,1414.1,1414.6,1414.6,1414.5,1414.5
201907051911,1414.1,1414.1,1414.1,1414.1,1414.5,1414.5,1414.5,1414.5
201907051912,1414.1,1414.2,1413.9,1413.9,1414.5,1414.6,1414.3,1414.3
201907051913,1413.9,1413.9,1413.6,1413.8,1414.3,1414.3,1414,1414.2
201907051914,1413.8,1414.1,1413.8,1414.1,1414.2,1414.5,1414.2,1414.5
201907051915,1414.1,1414.1,1414.1,1414.1,1414.5,1414.5,1414.5,1414.5
201907051916,1414.1,1414.1,1414.1,1414.1,1414.5,1414.5,1414.5,1414.5
201907051917,1414.1,1414.1,1414,1414,1414.5,1414.5,1414.4,1414.4
201907051918,1414,1414,1413.7,1413.8,1414.4,1414.4,1414.1,1414.2
201907051919,1413.8,1414.1,1413.8,1414,1414.2,1414.5,1414.2,1414.4
201907051920,1414,1414.1,1414,1414,1414.4,1414.5,1414.4,1414.4
201907051921,1414,1414.1,1414,1414.1,1414.4,1414.5,1414.4,1414.5
201907051922,1414.1,1414.1,1413.9,1413.9,1414.5,1414.5,1414.3,1414.3
201907051923,1413.9,1414.1,1413.7,1414.1,1414.3,1414.5,1414.1,1414.5
201907051924,1414.1,1414.1,1413.9,1413.9,1414.5,1414.5,1414.3,1414.3
201907051925,1413.9,1414,1413.8,1413.9,1414.3,1414.4,1414.2,1414.3
201907051926,1413.9,1414,1413.9,1413.9,1414.3,1414.4,1414.3,1414.3
201907051927,1413.9,1414,1413.9,1413.9,1414.3,1414.4,1414.3,1414.3
201907051928,1413.9,1414,1413.8,1414,1414.3,1414.4,1414.2,1414.4
201907051929,1414,1414,1413.8,1413.9,1414.4,1414.4,1414.2,1414.3
201907051930,1413.9,1413.9,1413.8,1413.9,1414.3,1414.3,1414.2,1414.3
201907051931,1413.9,1414,1413.9,1414,1414.3,1414.4,1414.3,1414.4
201907051932,1414,1414,1413.9,1414,1414.4,1414.4,1414.3,1414.4
201907051933,1414,1414,1413.9,1413.9,1414.4,1414.4,1414.3,1414.3
201907051934,1413.9,1414,1413.8,1414,1414.3,1414.4,1414.2,1414.4
201907051935,1414,1414,1413.9,1413.9,1414.4,1414.4,1414.3,1414.3
201907051936,1413.9,1413.9,1413.9,1413.9,1414.3,1414.3,1414.3,1414.3
201907051937,1413.9,1413.9,1413.8,1413.8,1414.3,1414.3,1414.2,1414.2
201907051938,1413.8,1413.9,1413.8,1413.8,1414.2,1414.3,1414.2,1414.2
201907051939,1413.8,1413.9,1413.2,1413.2,1414.2,1414.3,1413.6,1413.6
201907051940,1413.2,1413.6,1413.2,1413.5,1413.6,1414,1413.6,1413.9
201907051941,1413.5,1413.7,1413.5,1413.7,1413.9,1414.1,1413.9,1414.1
201907051942,1413.7,1413.7,1413.4,1413.4,1414.1,1414.1,1413.8,1413.8
201907051943,1413.4,1413.6,1413.3,1413.4,1413.8,1414,1413.7,1413.8
201907051944,1413.4,1413.5,1413.3,1413.5,1413.8,1413.9,1413.7,1413.9
201907051945,1413.5,1413.5,1413.4,1413.5,1413.9,1413.9,1413.8,1413.9
201907051946,1413.5,1413.5,1413.5,1413.5,1413.9,1413.9,1413.9,1413.9
201907051947,1413.5,1413.6,1413.4,1413.5,1413.9,1414,1413.8,1413.9
201907051948,1413.5,1413.5,1413.3,1413.4,1413.9,1413.9,1413.7,1413.8
201907051949,1413.4,1413.5,1413.3,1413.5,1413.8,1413.9,1413.7,1413.9
201907051950,1413.5,1413.5,1413.4,1413.4,1413.9,1413.9,1413.8,1413.8
201907051951,1413.4,1413.4,1413.3,1413.4,1413.8,1413.8,1413.7,1413.8
201907051952,1413.4,1413.4,1413.4,1413.4,1413.8,1413.8,1413.8,1413.8
201907051953,1413.4,1413.6,1413.4,1413.6,1413.8,1414,1413.8,1414
201907051954,1413.6,1413.9,1413.5,1413.6,1414,1414.3,1413.9,1414
201907051955,1413.6,1414,1413.6,1414,1414,1414.4,1414,1414.4
201907051956,1414,1414.4,1413.9,1414.3,1414.4,1414.8,1414.3,1414.7
201907051957,1414.3,1414.3,1414.1,1414.1,1414.7,1414.7,1414.5,1414.5
201907051958,1414.1,1414.4,1414.1,1414.3,1414.5,1414.8,1414.5,1414.7
201907051959,1414.3,1414.9,1414.3,1414.6,1414.7,1415.3,1414.7,1415
201907052000,1414.5,1415.2,1414.5,1415.2,1414.9,1415.6,1414.9,1415.6
201907052001,1415.2,1415.7,1415,1415.6,1415.6,1416.1,1415.4,1416
201907052002,1415.6,1416.1,1415.5,1415.6,1416,1416.5,1415.9,1416
201907052003,1415.6,1415.6,1415,1415.2,1416,1416,1415.4,1415.6
201907052004,1415.2,1415.3,1415.1,1415.3,1415.6,1415.7,1415.5,1415.7
201907052005,1415.3,1415.3,1415.2,1415.2,1415.7,1415.7,1415.6,1415.6
201907052006,1415.2,1415.2,1415,1415.1,1415.6,1415.6,1415.4,1415.5
201907052007,1415.1,1415.1,1414.3,1414.7,1415.5,1415.5,1414.7,1415.1
201907052008,1414.7,1415,1414.6,1414.9,1415.1,1415.4,1415,1415.3
201907052009,1414.9,1414.9,1414.8,1414.9,1415.3,1415.3,1415.2,1415.3
201907052010,1414.9,1415,1414.8,1415,1415.3,1415.4,1415.2,1415.4
201907052011,1415,1415.1,1414.8,1415.1,1415.4,1415.5,1415.2,1415.5
201907052012,1415.1,1415.4,1415,1415.3,1415.5,1415.8,1415.4,1415.7
201907052013,1415.3,1415.4,1414.8,1414.9,1415.7,1415.8,1415.2,1415.3
201907052014,1414.9,1415.2,1414.9,1415.1,1415.3,1415.6,1415.3,1415.5
201907052015,1415.1,1415.1,1415,1415.1,1415.5,1415.5,1415.4,1415.5
201907052016,1415.1,1415.3,1415,1415.3,1415.5,1415.7,1415.4,1415.7
201907052017,1415.3,1415.3,1415.2,1415.2,1415.7,1415.7,1415.6,1415.6
201907052018,1415.2,1415.3,1415.1,1415.1,1415.6,1415.7,1415.5,1415.5
201907052019,1415.1,1415.3,1415,1415.1,1415.5,1415.7,1415.4,1415.5
201907052020,1415.1,1415.3,1415,1415,1415.5,1415.7,1415.4,1415.4
201907052021,1415,1415.2,1415,1415.1,1415.4,1415.6,1415.4,1415.5
201907052022,1415.1,1415.3,1415.1,1415.3,1415.5,1415.7,1415.5,1415.7
201907052023,1415.3,1415.3,1414.6,1414.7,1415.7,1415.7,1415,1415.1
201907052024,1414.7,1415.1,1414.7,1414.8,1415.1,1415.5,1415.1,1415.2
201907052025,1414.8,1415,1414.8,1414.9,1415.2,1415.4,1415.2,1415.3
201907052026,1414.9,1414.9,1414.3,1414.5,1415.3,1415.3,1414.7,1414.9
201907052027,1414.5,1414.7,1414.4,1414.6,1414.9,1415.1,1414.8,1415
201907052028,1414.6,1414.7,1414.5,1414.6,1415,1415.1,1414.9,1415
201907052029,1414.6,1414.6,1414.3,1414.3,1415,1415,1414.7,1414.7
201907052030,1414.3,1414.8,1414.3,1414.7,1414.7,1415.2,1414.7,1415.1
201907052031,1414.7,1414.7,1414.5,1414.7,1415.1,1415.1,1414.9,1415.1
201907052032,1414.7,1414.7,1414.5,1414.7,1415.1,1415.1,1414.9,1415.1
201907052033,1414.7,1414.8,1414.3,1414.3,1415.1,1415.2,1414.7,1414.7
201907052034,1414.3,1414.3,1414.1,1414.3,1414.7,1414.7,1414.5,1414.7
201907052035,1414.3,1414.5,1414.3,1414.5,1414.7,1414.9,1414.7,1414.9
201907052036,1414.5,1414.5,1413.8,1414,1414.9,1414.9,1414.2,1414.4
201907052037,1414,1414.3,1414,1414.1,1414.4,1414.7,1414.4,1414.5
201907052038,1414.1,1414.2,1413.9,1413.9,1414.5,1414.6,1414.3,1414.3
201907052039,1413.9,1413.9,1413.6,1413.6,1414.3,1414.3,1414,1414
201907052040,1413.6,1413.8,1413.6,1413.8,1414,1414.2,1414,1414.2
201907052041,1413.8,1413.9,1413.4,1413.4,1414.2,1414.3,1413.8,1413.8
201907052042,1413.4,1413.8,1413.4,1413.7,1413.8,1414.2,1413.8,1414.1
201907052043,1413.7,1413.8,1413.7,1413.8,1414.1,1414.2,1414.1,1414.2
201907052044,1413.8,1413.9,1413.2,1413.3,1414.2,1414.3,1413.6,1413.7
201907052045,1413.3,1413.6,1413.2,1413.6,1413.7,1414,1413.6,1414
201907052046,1413.6,1413.8,1413.4,1413.7,1414,1414.2,1413.8,1414.1
201907052047,1413.7,1413.7,1413.4,1413.5,1414.1,1414.1,1413.8,1413.9
201907052048,1413.5,1414.2,1413.4,1414.1,1413.9,1414.6,1413.8,1414.5
201907052049,1414.1,1414.1,1413.9,1413.9,1414.5,1414.5,1414.3,1414.3
201907052050,1413.9,1414.1,1413.8,1413.8,1414.3,1414.5,1414.2,1414.2
201907052051,1413.8,1413.9,1413.7,1413.8,1414.2,1414.3,1414.1,1414.2
201907052052,1413.8,1413.8,1413.6,1413.8,1414.2,1414.2,1414,1414.2
201907052053,1413.8,1413.8,1413.3,1413.4,1414.2,1414.2,1413.7,1413.8
201907052054,1413.4,1413.4,1410.1,1411.3,1413.8,1413.8,1410.5,1411.7
201907052055,1411.3,1412,1411.1,1411.2,1411.7,1412.4,1411.5,1411.6
201907052056,1411.2,1411.9,1411.2,1411.2,1411.6,1412.3,1411.6,1411.6
201907052057,1411.2,1412,1411.2,1411.8,1411.6,1412.4,1411.6,1412.2
201907052058,1411.8,1412.1,1411.4,1411.6,1412.2,1412.5,1411.8,1412
201907052059,1411.6,1411.8,1411.2,1411.5,1412,1412.2,1411.6,1411.9
201907052100,1411.5,1411.8,1411.4,1411.7,1411.9,1412.2,1411.8,1412.1
201907052101,1411.7,1412.1,1411.5,1411.8,1412.1,1412.5,1411.9,1412.2
201907052102,1411.8,1412.2,1411.7,1411.8,1412.2,1412.6,1412.1,1412.2
201907052103,1411.8,1412,1411.7,1411.9,1412.2,1412.4,1412.1,1412.3
201907052104,1411.9,1412.1,1411.8,1412.1,1412.3,1412.5,1412.2,1412.5
201907052105,1412.1,1412.1,1411.8,1412,1412.5,1412.5,1412.2,1412.4
201907052106,1412,1413.7,1411.9,1413.2,1412.4,1414.1,1412.3,1413.6
201907052107,1413.2,1413.6,1412.6,1412.6,1413.6,1414,1413,1413
201907052108,1412.6,1412.8,1412.4,1412.7,1413,1413.2,1412.8,1413.1
201907052109,1412.7,1412.9,1412.4,1412.7,1413.1,1413.3,1412.8,1413.1
201907052110,1412.7,1412.8,1412.2,1412.2,1413.1,1413.2,1412.6,1412.6
201907052111,1412.2,1412.3,1411.1,1411.4,1412.6,1412.7,1411.5,1411.8
201907052112,1411.4,1412.1,1411.4,1411.7,1411.8,1412.5,1411.8,1412.1
201907052113,1411.7,1412.4,1411.5,1412.1,1412.1,1412.8,1411.9,1412.5
201907052114,1412.1,1412.1,1411,1411.1,1412.5,1412.5,1411.4,1411.5
201907052115,1411.1,1411.8,1411.1,1411.6,1411.5,1412.2,1411.5,1412
201907052116,1411.5,1412,1411.4,1411.9,1411.9,1412.4,1411.8,1412.3
201907052117,1411.8,1411.9,1411.4,1411.5,1412.2,1412.3,1411.8,1411.9
201907052118,1411.5,1411.9,1411.4,1411.7,1411.9,1412.3,1411.8,1412.1
201907052119,1411.7,1411.7,1411.1,1411.1,1412.1,1412.1,1411.5,1411.5
201907052120,1411.1,1411.7,1410.3,1411.7,1411.5,1412.1,1410.7,1412.1
201907052121,1411.6,1411.8,1411.3,1411.7,1412,1412.2,1411.7,1412.1
201907052122,1411.8,1412.4,1411.6,1412.4,1412.2,1412.8,1412,1412.8
201907052123,1412.4,1412.5,1411.9,1412.5,1412.8,1412.9,1412.3,1412.9
201907052124,1412.5,1412.5,1412,1412.3,1412.9,1412.9,1412.4,1412.7
201907052125,1412.3,1412.5,1412.1,1412.1,1412.7,1412.9,1412.5,1412.5
201907052126,1412.1,1413.1,1412.1,1412.8,1412.5,1413.5,1412.5,1413.2
201907052127,1412.8,1413.2,1412.6,1412.9,1413.2,1413.6,1413,1413.3
201907052128,1412.9,1413.3,1412.6,1412.9,1413.3,1413.7,1413,1413.3
201907052129,1412.9,1414.3,1412.6,1413.5,1413.3,1414.7,1413,1414.1
201907052130,1413.5,1413.5,1404,1404.6,1414,1414.1,1404.4,1405
201907052131,1404.7,1404.8,1402.1,1402.3,1405.1,1405.2,1402.5,1402.7
201907052132,1402.2,1402.2,1396.6,1396.6,1402.6,1402.6,1397,1397
201907052133,1396.7,1397.9,1394.7,1397.9,1397.1,1398.3,1395.1,1398.3
201907052134,1398,1400.2,1397.8,1400,1398.4,1400.6,1398.2,1400.4
201907052135,1400,1400.8,1398.7,1398.7,1400.4,1401.2,1399.1,1399.1
201907052136,1398.7,1399.3,1397.4,1397.5,1399.1,1399.7,1397.8,1397.9
201907052137,1397.5,1397.5,1395.9,1395.9,1397.9,1397.9,1396.3,1396.3
201907052138,1395.9,1397.7,1395.9,1397.2,1396.3,1398.1,1396.3,1397.6
201907052139,1397.2,1397.8,1396.8,1397.8,1397.6,1398.2,1397.2,1398.2
201907052140,1397.8,1399.4,1397.8,1398.7,1398.2,1399.8,1398.2,1399.1
201907052141,1398.7,1399.6,1398.4,1399.3,1399.1,1400,1398.8,1399.7
201907052142,1399.3,1399.3,1398.5,1398.6,1399.7,1399.7,1398.9,1399
201907052143,1398.6,1399.7,1398.1,1399.7,1399,1400.1,1398.5,1400.1
201907052144,1399.7,1399.7,1397.3,1398.4,1400.1,1400.1,1397.7,1398.8
201907052145,1398.3,1399.1,1397.6,1399.1,1398.7,1399.5,1398,1399.5
201907052146,1399.1,1400.1,1398.7,1400.1,1399.5,1400.5,1399.1,1400.5
201907052147,1400.1,1400.6,1399.8,1400.5,1400.5,1401,1400.2,1400.9
201907052148,1400.5,1400.8,1399.7,1400.8,1400.9,1401.2,1400.1,1401.2
201907052149,1400.7,1401,1399.8,1400.1,1401.1,1401.4,1400.2,1400.5
201907052150,1400.1,1400.1,1399.2,1399.6,1400.5,1400.5,1399.6,1400
201907052151,1399.5,1399.9,1399.1,1399.8,1399.9,1400.3,1399.5,1400.2
201907052152,1399.8,1400.4,1399.1,1399.8,1400.2,1400.8,1399.5,1400.2
201907052153,1399.8,1400,1399.2,1400,1400.2,1400.4,1399.6,1400.4
201907052154,1400,1401.6,1399.6,1401.6,1400.4,1402,1400,1402
201907052155,1401.5,1404,1401.1,1403.3,1401.9,1404.4,1401.5,1403.7
201907052156,1403.3,1403.4,1402.3,1402.8,1403.7,1403.8,1402.7,1403.2
201907052157,1402.8,1402.8,1401.4,1401.8,1403.2,1403.2,1401.8,1402.2
201907052158,1401.7,1401.9,1401.2,1401.4,1402.1,1402.3,1401.6,1401.8
201907052159,1401.4,1401.4,1400.3,1400.8,1401.8,1401.8,1400.7,1401.2
201907052200,1400.8,1400.8,1397.4,1397.5,1401.2,1401.2,1397.8,1397.9
201907052201,1397.5,1399.6,1397.5,1398.2,1397.9,1400,1397.9,1398.6
201907052202,1398.2,1399,1398.1,1398.7,1398.6,1399.4,1398.5,1399.1
201907052203,1398.7,1398.7,1397.7,1397.7,1399.1,1399.1,1398.1,1398.1
201907052204,1397.8,1397.8,1396.4,1396.9,1398.2,1398.2,1396.8,1397.3
201907052205,1396.9,1398.4,1396.4,1398.1,1397.3,1398.8,1396.8,1398.5
201907052206,1398.1,1398.1,1396.8,1396.9,1398.5,1398.5,1397.2,1397.3
201907052207,1396.9,1396.9,1395.4,1395.7,1397.3,1397.3,1395.8,1396.1
201907052208,1395.7,1396.6,1394.4,1395.5,1396.1,1397,1394.8,1395.9
201907052209,1395.4,1397,1395.3,1396.6,1395.8,1397.4,1395.7,1397
201907052210,1396.6,1397.4,1396,1397.1,1397,1397.8,1396.4,1397.5
201907052211,1397.1,1397.4,1395,1395.8,1397.5,1397.8,1395.4,1396.2
201907052212,1395.8,1397.2,1395.7,1396.7,1396.2,1397.6,1396.1,1397.1
201907052213,1396.7,1398,1396.4,1398,1397.1,1398.4,1396.8,1398.4
201907052214,1398.1,1399,1397.2,1398.6,1398.5,1399.4,1397.6,1399
201907052215,1398.6,1398.7,1396.9,1397.2,1399,1399.1,1397.3,1397.6
201907052216,1397.2,1397.5,1396.9,1397.5,1397.6,1397.9,1397.3,1397.9
201907052217,1397.5,1397.5,1395.8,1396.2,1397.9,1397.9,1396.2,1396.6
201907052218,1396.2,1396.8,1395.5,1395.5,1396.6,1397.2,1395.9,1395.9
201907052219,1395.5,1395.9,1393.2,1394.1,1395.9,1396.3,1393.6,1394.5
201907052220,1394.1,1395.2,1393.6,1395.1,1394.5,1395.6,1394,1395.5
201907052221,1395.1,1395.2,1394.4,1394.9,1395.5,1395.6,1394.8,1395.3
201907052222,1394.9,1395.4,1394.4,1395.2,1395.3,1395.8,1394.8,1395.6
201907052223,1395.2,1395.2,1394.2,1394.5,1395.6,1395.6,1394.6,1394.9
201907052224,1394.5,1395.3,1394.1,1395.1,1394.9,1395.7,1394.5,1395.5
201907052225,1395.1,1395.2,1393.9,1393.9,1395.5,1395.6,1394.3,1394.3
201907052226,1393.9,1393.9,1392.3,1393.7,1394.3,1394.3,1392.7,1394.1
201907052227,1393.6,1394.5,1393.5,1394.5,1394,1394.9,1393.9,1394.9
201907052228,1394.5,1394.5,1392.7,1393.3,1394.9,1394.9,1393.1,1393.7
201907052229,1393.3,1393.5,1392.9,1393.1,1393.7,1393.9,1393.3,1393.5
201907052230,1393.1,1393.2,1391.1,1391.7,1393.5,1393.6,1391.5,1392.1
201907052231,1391.7,1392.2,1390.8,1391,1392.1,1392.6,1391.2,1391.4
201907052232,1391.1,1392.2,1390.9,1392.1,1391.5,1392.6,1391.3,1392.5
201907052233,1392.1,1392.5,1391.9,1392.3,1392.5,1392.9,1392.3,1392.7
201907052234,1392.3,1392.3,1391.5,1391.7,1392.7,1392.7,1391.9,1392.1
201907052235,1391.7,1391.9,1391.4,1391.6,1392.1,1392.3,1391.8,1392
201907052236,1391.6,1391.7,1391.1,1391.3,1392,1392.1,1391.5,1391.7
201907052237,1391.3,1391.5,1390.5,1390.6,1391.7,1391.9,1390.9,1391
201907052238,1390.7,1391.4,1390.5,1391.3,1391.1,1391.8,1390.9,1391.7
201907052239,1391.2,1391.9,1391,1391.9,1391.6,1392.3,1391.4,1392.3
201907052240,1391.9,1392.3,1391.5,1391.6,1392.3,1392.7,1391.9,1392
201907052241,1391.6,1392,1390.8,1391.9,1392,1392.4,1391.2,1392.3
201907052242,1391.8,1391.9,1391.4,1391.7,1392.2,1392.3,1391.8,1392.1
201907052243,1391.7,1391.7,1390.9,1391.2,1392.1,1392.1,1391.3,1391.6
201907052244,1391.2,1391.2,1390.5,1390.7,1391.6,1391.6,1390.9,1391.1
201907052245,1390.7,1391.3,1390.2,1391.2,1391.1,1391.7,1390.6,1391.6
201907052246,1391.2,1391.5,1391,1391.5,1391.6,1391.9,1391.4,1391.9
201907052247,1391.5,1391.5,1390.4,1390.5,1391.9,1391.9,1390.8,1390.9
201907052248,1390.5,1391,1390.4,1390.6,1390.9,1391.4,1390.8,1391
201907052249,1390.7,1390.7,1388.8,1389.3,1391.1,1391.1,1389.2,1389.7
201907052250,1389.3,1389.6,1389.1,1389.3,1389.7,1390,1389.5,1389.7
201907052251,1389.3,1390.2,1389,1390.1,1389.7,1390.6,1389.4,1390.5
201907052252,1390,1390.1,1389.6,1389.7,1390.4,1390.5,1390,1390.1
201907052253,1389.7,1389.7,1388.2,1388.2,1390.1,1390.1,1388.6,1388.6
201907052254,1388.2,1388.8,1388.1,1388.2,1388.6,1389.2,1388.5,1388.6
201907052255,1388.3,1388.7,1387.3,1387.4,1388.7,1389.1,1387.7,1387.8
201907052256,1387.3,1389.2,1386.7,1389,1387.7,1389.6,1387.1,1389.4
201907052257,1389,1389.7,1388.7,1389.6,1389.4,1390.1,1389.1,1390
201907052258,1389.6,1389.7,1388.9,1389.3,1390,1390.1,1389.3,1389.7
201907052259,1389.3,1389.8,1389.1,1389.5,1389.7,1390.2,1389.5,1389.9
201907052300,1389.4,1389.4,1388.4,1388.8,1389.8,1389.8,1388.8,1389.2
201907052301,1388.9,1389.3,1388.6,1389.1,1389.3,1389.7,1389,1389.5
201907052302,1389.1,1390.3,1389,1390.3,1389.5,1390.7,1389.4,1390.7
201907052303,1390.3,1391,1390,1390.9,1390.7,1391.4,1390.4,1391.3
201907052304,1391,1391.3,1390.7,1391.3,1391.4,1391.7,1391.1,1391.7
201907052305,1391.3,1391.3,1390.1,1390.1,1391.7,1391.7,1390.5,1390.5
201907052306,1390.1,1390.4,1390,1390.3,1390.5,1390.8,1390.4,1390.7
201907052307,1390.3,1390.3,1389.6,1389.9,1390.7,1390.7,1390,1390.3
201907052308,1389.8,1389.8,1389.2,1389.4,1390.2,1390.2,1389.6,1389.8
201907052309,1389.4,1390.3,1389.4,1389.8,1389.8,1390.7,1389.8,1390.2
201907052310,1389.8,1389.8,1388.3,1388.6,1390.2,1390.2,1388.7,1389
201907052311,1388.6,1389.5,1388.6,1388.9,1389,1389.9,1389,1389.3
201907052312,1388.9,1388.9,1387.4,1388,1389.3,1389.3,1387.8,1388.4
201907052313,1388,1388.8,1387.9,1388.2,1388.4,1389.2,1388.3,1388.6
201907052314,1388.2,1388.2,1387.6,1387.7,1388.6,1388.6,1388,1388.1
201907052315,1387.7,1388.5,1387.5,1388.5,1388.1,1388.9,1387.9,1388.9
201907052316,1388.5,1388.7,1387.9,1388.1,1388.9,1389.1,1388.3,1388.5
201907052317,1388.1,1388.4,1387.6,1388.4,1388.5,1388.8,1388,1388.8
201907052318,1388.4,1388.4,1387.8,1388.1,1388.8,1388.8,1388.2,1388.5
201907052319,1388.2,1388.2,1387.6,1387.7,1388.6,1388.6,1388,1388.1
201907052320,1387.7,1388.3,1387.7,1387.8,1388.1,1388.7,1388.1,1388.2
201907052321,1387.9,1388.5,1387.8,1388.2,1388.3,1388.9,1388.2,1388.6
201907052322,1388.2,1388.6,1387.9,1388.5,1388.6,1389,1388.3,1388.9
201907052323,1388.5,1389.6,1388.5,1389.5,1388.9,1390,1388.9,1389.9
201907052324,1389.6,1390.2,1389.2,1390,1390,1390.6,1389.6,1390.4
201907052325,1390,1390,1389,1389.6,1390.4,1390.4,1389.4,1390
201907052326,1389.6,1390.4,1389.4,1390,1390,1390.8,1389.8,1390.4
201907052327,1390,1390.3,1389.9,1390.3,1390.4,1390.7,1390.3,1390.7
201907052328,1390.3,1391,1390.2,1390.7,1390.7,1391.4,1390.6,1391.1
201907052329,1390.7,1391.2,1390.2,1390.8,1391.1,1391.6,1390.6,1391.2
201907052330,1390.8,1391.4,1390.8,1391.3,1391.2,1391.8,1391.2,1391.7
201907052331,1391.3,1391.3,1390.2,1390.5,1391.7,1391.7,1390.6,1390.9
201907052332,1390.5,1390.5,1390.1,1390.4,1390.9,1390.9,1390.5,1390.8
201907052333,1390.4,1390.5,1389.3,1389.5,1390.8,1390.9,1389.7,1389.9
201907052334,1389.6,1390.4,1389.4,1390.3,1390,1390.8,1389.8,1390.7
201907052335,1390.5,1390.5,1389.9,1390.1,1390.9,1390.9,1390.3,1390.5
201907052336,1390,1390,1389.5,1389.7,1390.4,1390.4,1389.9,1390.1
201907052337,1389.8,1389.8,1388.9,1389.3,1390.2,1390.2,1389.3,1389.7
201907052338,1389.3,1389.5,1389,1389.4,1389.7,1389.9,1389.4,1389.8
201907052339,1389.4,1390.6,1389.3,1390.5,1389.8,1391,1389.7,1390.9
201907052340,1390.6,1390.6,1390,1390.1,1391,1391,1390.4,1390.5
201907052341,1390.1,1390.3,1389.8,1390,1390.5,1390.7,1390.2,1390.4
201907052342,1390,1390.8,1390,1390.6,1390.4,1391.2,1390.4,1391
201907052343,1390.7,1390.9,1390.3,1390.9,1391.1,1391.3,1390.7,1391.3
201907052344,1390.9,1391.2,1390.8,1390.9,1391.3,1391.6,1391.2,1391.3
201907052345,1390.9,1391.9,1390.9,1391.7,1391.3,1392.3,1391.3,1392.1
201907052346,1391.7,1391.8,1391,1391.2,1392.1,1392.2,1391.4,1391.6
201907052347,1391.2,1392,1391.2,1391.9,1391.6,1392.4,1391.6,1392.3
201907052348,1392,1393,1392,1392.3,1392.4,1393.4,1392.4,1392.7
201907052349,1392.3,1392.6,1392,1392.6,1392.7,1393,1392.4,1393
201907052350,1392.6,1394,1392.5,1393.2,1393,1394.4,1392.9,1393.6
201907052351,1393.2,1394.1,1392.9,1393.6,1393.6,1394.5,1393.3,1394
201907052352,1393.7,1393.8,1393.2,1393.7,1394.1,1394.2,1393.6,1394.1
201907052353,1393.7,1393.8,1393.3,1393.6,1394.1,1394.2,1393.7,1394
201907052354,1393.6,1394.6,1393.5,1394.3,1394,1395,1393.9,1394.7
201907052355,1394.3,1395.3,1393.8,1395.3,1394.7,1395.7,1394.2,1395.7
201907052356,1395.3,1395.6,1394.8,1395.6,1395.7,1396,1395.2,1396
201907052357,1395.6,1397.5,1395.6,1396.3,1396,1397.9,1396,1396.7
201907052358,1396.2,1396.5,1395.3,1395.5,1396.6,1396.9,1395.7,1395.9
201907052359,1395.5,1395.6,1395,1395,1395.9,1396,1395.4,1395.4
201907060000,1395.1,1395.4,1394,1394.2,1395.5,1395.8,1394.4,1394.6
201907060001,1394.3,1394.6,1393.9,1394.2,1394.7,1395,1394.3,1394.6
201907060002,1394.2,1394.4,1393.7,1393.9,1394.6,1394.8,1394.1,1394.3
201907060003,1393.9,1393.9,1393.6,1393.7,1394.3,1394.3,1394,1394.1
201907060004,1393.7,1393.7,1393.1,1393.4,1394.1,1394.1,1393.5,1393.8
201907060005,1393.4,1393.4,1392.5,1392.8,1393.8,1393.8,1392.9,1393.2
201907060006,1392.7,1393.1,1392.5,1392.5,1393.1,1393.5,1392.9,1392.9
201907060007,1392.5,1392.5,1391.9,1392,1392.9,1392.9,1392.3,1392.4
201907060008,1392,1393.2,1392,1393,1392.4,1393.6,1392.4,1393.4
201907060009,1393,1394.4,1393,1394.4,1393.4,1394.8,1393.4,1394.8
201907060010,1394.4,1394.6,1394.1,1394.4,1394.8,1395,1394.5,1394.8
201907060011,1394.4,1394.6,1394.2,1394.4,1394.8,1395,1394.6,1394.8
201907060012,1394.4,1396.4,1394.4,1396.3,1394.8,1396.8,1394.8,1396.7
201907060013,1396.3,1396.3,1394.8,1395.3,1396.7,1396.7,1395.2,1395.7
201907060014,1395.2,1395.3,1394.6,1394.8,1395.6,1395.7,1395,1395.2
201907060015,1394.9,1394.9,1394.3,1394.5,1395.3,1395.3,1394.7,1394.9
201907060016,1394.6,1394.9,1394.2,1394.6,1395,1395.3,1394.6,1395
201907060017,1394.7,1395.4,1394.6,1395.4,1395.1,1395.8,1395,1395.8
201907060018,1395.4,1396.5,1395.3,1396.4,1395.8,1396.9,1395.7,1396.8
201907060019,1396.3,1396.3,1395.3,1395.8,1396.7,1396.7,1395.7,1396.2
201907060020,1395.8,1395.9,1395.4,1395.7,1396.2,1396.3,1395.8,1396.1
201907060021,1395.7,1395.7,1395.3,1395.5,1396.1,1396.1,1395.7,1395.9
201907060022,1395.4,1396.1,1395.4,1395.9,1395.8,1396.5,1395.8,1396.3
201907060023,1395.9,1396.5,1395.9,1396,1396.3,1396.9,1396.3,1396.4
201907060024,1396,1396,1395.5,1395.6,1396.4,1396.4,1395.9,1396
201907060025,1395.6,1395.7,1394.4,1394.5,1396,1396.1,1394.8,1394.9
201907060026,1394.5,1395.4,1394.5,1395.4,1394.9,1395.8,1394.9,1395.8
201907060027,1395.4,1395.8,1395.3,1395.7,1395.8,1396.2,1395.7,1396.1
201907060028,1395.7,1396.3,1395.7,1395.9,1396.1,1396.7,1396.1,1396.3
201907060029,1395.9,1396.3,1395.8,1396.2,1396.3,1396.7,1396.2,1396.6
201907060030,1396.2,1396.3,1395.7,1395.9,1396.6,1396.7,1396.1,1396.3
201907060031,1396,1396,1394.9,1394.9,1396.4,1396.4,1395.3,1395.3
201907060032,1395.1,1396.1,1394.9,1396.1,1395.5,1396.5,1395.3,1396.5
201907060033,1396.1,1397,1395.8,1396.9,1396.5,1397.4,1396.2,1397.3
201907060034,1396.9,1399.3,1396.4,1399.1,1397.3,1399.7,1396.8,1399.5
201907060035,1399.1,1399.2,1398.2,1398.5,1399.5,1399.6,1398.6,1398.9
201907060036,1398.5,1400.4,1398.2,1400.3,1398.9,1400.8,1398.6,1400.7
201907060037,1400.3,1400.3,1399,1399.3,1400.7,1400.7,1399.4,1399.7
201907060038,1399.3,1399.6,1398.5,1398.9,1399.7,1400,1398.9,1399.3
201907060039,1398.9,1398.9,1397.8,1398.1,1399.3,1399.3,1398.2,1398.5
201907060040,1398.1,1398.3,1397.9,1398.1,1398.5,1398.7,1398.3,1398.5
201907060041,1398.1,1398.1,1397.2,1397.2,1398.5,1398.5,1397.6,1397.6
201907060042,1397.2,1397.4,1396.7,1397.2,1397.6,1397.8,1397.1,1397.6
201907060043,1397.2,1397.5,1396.8,1397.3,1397.6,1397.9,1397.2,1397.7
201907060044,1397.2,1397.7,1397,1397.7,1397.6,1398.1,1397.4,1398.1
201907060045,1397.7,1398.1,1397.5,1398.1,1398.1,1398.5,1397.9,1398.5
201907060046,1398.1,1399,1397.8,1399,1398.5,1399.4,1398.2,1399.4
201907060047,1399,1399.3,1398.5,1398.6,1399.4,1399.7,1398.9,1399
201907060048,1398.5,1398.7,1398.1,1398.2,1398.9,1399.1,1398.5,1398.6
201907060049,1398.2,1398.5,1397.9,1398.5,1398.6,1398.9,1398.3,1398.9
201907060050,1398.5,1398.5,1398.1,1398.4,1398.9,1398.9,1398.5,1398.8
201907060051,1398.4,1399,1398.3,1398.6,1398.8,1399.4,1398.7,1399
201907060052,1398.6,1398.7,1398.2,1398.4,1399,1399.1,1398.6,1398.8
201907060053,1398.4,1398.5,1397.7,1397.7,1398.8,1398.9,1398.1,1398.1
201907060054,1397.7,1397.9,1397.5,1397.7,1398.1,1398.3,1397.9,1398.1
201907060055,1397.8,1398.1,1397.6,1397.6,1398.2,1398.5,1398,1398
201907060056,1397.6,1397.8,1396.5,1396.7,1398,1398.2,1396.9,1397.1
201907060057,1396.8,1397.2,1396.7,1396.8,1397.2,1397.6,1397.1,1397.2
201907060058,1396.8,1396.9,1396.4,1396.7,1397.2,1397.3,1396.8,1397.1
201907060059,1396.7,1396.8,1396.5,1396.7,1397.1,1397.2,1396.9,1397.1
201907060100,1396.7,1396.9,1396.5,1396.5,1397.1,1397.3,1396.9,1396.9
201907060101,1396.6,1396.6,1395.5,1396.1,1397,1397,1395.9,1396.5
201907060102,1396,1396.3,1395.9,1395.9,1396.4,1396.7,1396.3,1396.3
201907060103,1395.9,1396.1,1395.7,1396,1396.3,1396.5,1396.1,1396.4
201907060104,1395.9,1396,1395.3,1395.6,1396.3,1396.4,1395.7,1396
201907060105,1395.6,1396.7,1395.3,1396.7,1396,1397.1,1395.7,1397.1
201907060106,1396.7,1397,1396.4,1396.9,1397.1,1397.4,1396.8,1397.3
201907060107,1396.9,1397,1396.6,1396.6,1397.3,1397.4,1397,1397
201907060108,1396.6,1396.9,1396.6,1396.8,1397,1397.3,1397,1397.2
201907060109,1396.9,1397.5,1396.8,1397.2,1397.3,1397.9,1397.2,1397.6
201907060110,1397.2,1397.4,1396.6,1396.6,1397.6,1397.8,1397,1397
201907060111,1396.6,1396.7,1396.1,1396.2,1397,1397.1,1396.5,1396.6
201907060112,1396.2,1396.6,1396.1,1396.5,1396.6,1397,1396.5,1396.9
201907060113,1396.5,1397,1396.5,1396.8,1396.9,1397.4,1396.9,1397.2
201907060114,1396.8,1397.1,1396.7,1397.1,1397.2,1397.5,1397.1,1397.5
201907060115,1397,1398.3,1396.8,1398.3,1397.4,1398.7,1397.2,1398.7
201907060116,1398.3,1398.5,1397.7,1397.8,1398.7,1398.9,1398.1,1398.2
201907060117,1397.8,1397.8,1397.2,1397.3,1398.2,1398.2,1397.6,1397.7
201907060118,1397.3,1397.7,1397.3,1397.4,1397.7,1398.1,1397.7,1397.8
201907060119,1397.4,1397.5,1397.1,1397.2,1397.8,1397.9,1397.5,1397.6
201907060120,1397.2,1397.6,1397.1,1397.4,1397.6,1398,1397.5,1397.8
201907060121,1397.5,1397.9,1397.3,1397.9,1397.9,1398.3,1397.7,1398.3
201907060122,1397.9,1398.3,1397.8,1398.2,1398.3,1398.7,1398.2,1398.6
201907060123,1398.2,1398.2,1397.8,1397.8,1398.6,1398.6,1398.2,1398.2
201907060124,1397.8,1398,1397.5,1397.5,1398.2,1398.4,1397.9,1397.9
201907060125,1397.5,1397.5,1397.2,1397.4,1397.9,1397.9,1397.6,1397.8
201907060126,1397.4,1397.5,1397.2,1397.2,1397.8,1397.9,1397.6,1397.6
201907060127,1397.2,1397.2,1396.6,1396.7,1397.6,1397.6,1397,1397.1
201907060128,1396.7,1396.9,1396.5,1396.5,1397.1,1397.3,1396.9,1396.9
201907060129,1396.5,1396.6,1396.1,1396.1,1396.9,1397,1396.5,1396.5
201907060130,1396.1,1396.4,1396,1396.4,1396.5,1396.8,1396.4,1396.8
201907060131,1396.4,1396.5,1396.1,1396.3,1396.8,1396.9,1396.5,1396.7
201907060132,1396.3,1396.5,1396.2,1396.5,1396.7,1396.9,1396.6,1396.9
201907060133,1396.5,1396.6,1396.4,1396.5,1396.9,1397,1396.8,1396.9
201907060134,1396.5,1396.7,1396.5,1396.6,1396.9,1397.1,1396.9,1397
201907060135,1396.6,1396.8,1396.5,1396.8,1397,1397.2,1396.9,1397.2
201907060136,1396.8,1396.9,1396.7,1396.9,1397.2,1397.3,1397.1,1397.3
201907060137,1396.9,1397.1,1396.8,1396.8,1397.3,1397.5,1397.2,1397.2
201907060138,1396.8,1397.3,1396.8,1397.2,1397.2,1397.7,1397.2,1397.6
201907060139,1397.2,1397.5,1397.2,1397.3,1397.6,1397.9,1397.6,1397.7
201907060140,1397.3,1397.7,1397.2,1397.7,1397.7,1398.1,1397.6,1398.1
201907060141,1397.7,1397.9,1397.6,1397.9,1398.1,1398.3,1398,1398.3
201907060142,1397.8,1398.3,1397.6,1398.1,1398.2,1398.7,1398,1398.5
201907060143,1398.1,1399.3,1398,1398.3,1398.5,1399.7,1398.4,1398.7
201907060144,1398.3,1398.3,1397.8,1397.8,1398.7,1398.7,1398.2,1398.2
201907060145,1397.8,1397.9,1397.3,1397.5,1398.2,1398.3,1397.7,1397.9
201907060146,1397.5,1397.7,1397.5,1397.6,1397.9,1398.1,1397.9,1398
201907060147,1397.6,1398,1397.6,1397.8,1398,1398.4,1398,1398.2
201907060148,1397.8,1397.8,1397.1,1397.2,1398.2,1398.2,1397.5,1397.6
201907060149,1397.3,1397.5,1397.2,1397.4,1397.7,1397.9,1397.6,1397.8
201907060150,1397.5,1397.6,1397.4,1397.6,1397.9,1398,1397.8,1398
201907060151,1397.6,1398.4,1397.5,1398.1,1398,1398.8,1397.9,1398.5
201907060152,1398.1,1398.8,1398.1,1398.6,1398.5,1399.2,1398.5,1399
201907060153,1398.6,1398.9,1398.6,1398.7,1399,1399.3,1399,1399.1
201907060154,1398.7,1398.9,1398.3,1398.5,1399.1,1399.3,1398.7,1398.9
201907060155,1398.5,1398.6,1398.1,1398.1,1398.9,1399,1398.5,1398.5
201907060156,1398.1,1398.7,1398.1,1398.5,1398.5,1399.1,1398.5,1398.9
201907060157,1398.5,1398.9,1398.4,1398.9,1398.9,1399.3,1398.8,1399.3
201907060158,1398.9,1399.5,1398.8,1399.4,1399.3,1399.9,1399.2,1399.8
201907060159,1399.5,1399.5,1399,1399.1,1399.9,1399.9,1399.4,1399.5
201907060200,1399.1,1399.5,1398.9,1399,1399.5,1399.9,1399.3,1399.4
201907060201,1399,1399,1398.5,1398.7,1399.4,1399.4,1398.9,1399.1
201907060202,1398.7,1398.7,1398.1,1398.4,1399.1,1399.1,1398.5,1398.8
201907060203,1398.3,1398.6,1398.3,1398.3,1398.7,1399,1398.7,1398.7
201907060204,1398.3,1398.4,1398,1398.1,1398.7,1398.8,1398.4,1398.5
201907060205,1398.1,1398.1,1397.9,1397.9,1398.5,1398.5,1398.3,1398.3
201907060206,1397.9,1398.1,1397.8,1397.8,1398.3,1398.5,1398.2,1398.2
201907060207,1397.8,1397.9,1397.5,1397.5,1398.2,1398.3,1397.9,1397.9
201907060208,1397.5,1397.6,1397.1,1397.3,1397.9,1398,1397.5,1397.7
201907060209,1397.3,1398.2,1397.3,1398.1,1397.7,1398.6,1397.7,1398.5
201907060210,1398.1,1398.1,1397.9,1398.1,1398.5,1398.5,1398.3,1398.5
201907060211,1398.1,1398.9,1398.1,1398.6,1398.5,1399.3,1398.5,1399
201907060212,1398.6,1398.8,1398.5,1398.6,1399,1399.2,1398.9,1399
201907060213,1398.6,1398.7,1398.5,1398.6,1399,1399.1,1398.9,1399
201907060214,1398.7,1398.7,1398.2,1398.5,1399.1,1399.1,1398.6,1398.9
201907060215,1398.5,1398.5,1398.2,1398.2,1398.9,1398.9,1398.6,1398.6
201907060216,1398.2,1398.2,1398,1398,1398.6,1398.6,1398.4,1398.4
201907060217,1398,1398.1,1397.9,1398,1398.4,1398.5,1398.3,1398.4
201907060218,1398,1398.2,1398,1398.2,1398.4,1398.6,1398.4,1398.6
201907060219,1398.1,1398.3,1398.1,1398.2,1398.5,1398.7,1398.5,1398.6
201907060220,1398.2,1398.2,1397.9,1398.1,1398.6,1398.6,1398.3,1398.5
201907060221,1398.1,1398.2,1397.8,1398,1398.5,1398.6,1398.2,1398.4
201907060222,1398,1398,1397.8,1397.9,1398.4,1398.4,1398.2,1398.3
201907060223,1397.9,1397.9,1397.5,1397.7,1398.3,1398.3,1397.9,1398.1
201907060224,1397.7,1397.7,1397.2,1397.2,1398.1,1398.1,1397.6,1397.6
201907060225,1397.2,1397.8,1397.2,1397.8,1397.6,1398.2,1397.6,1398.2
201907060226,1397.8,1398.3,1397.8,1398,1398.2,1398.7,1398.2,1398.4
201907060227,1398,1398.1,1397.8,1397.9,1398.4,1398.5,1398.2,1398.3
201907060228,1397.9,1398,1397.6,1397.9,1398.3,1398.4,1398,1398.3
201907060229,1397.8,1398.2,1397.6,1398.2,1398.2,1398.6,1398,1398.6
201907060230,1398.3,1398.7,1398.2,1398.6,1398.7,1399.1,1398.6,1399
201907060231,1398.6,1399,1398.5,1398.7,1399,1399.4,1398.9,1399.1
201907060232,1398.7,1399.1,1398.7,1399,1399.1,1399.5,1399.1,1399.4
201907060233,1399,1399.2,1399,1399.2,1399.4,1399.6,1399.4,1399.6
201907060234,1399.2,1399.2,1398.5,1398.6,1399.6,1399.6,1398.9,1399
201907060235,1398.6,1398.6,1398.4,1398.6,1399,1399,1398.8,1399
201907060236,1398.6,1398.6,1398.1,1398.4,1399,1399,1398.5,1398.8
201907060237,1398.4,1398.4,1398,1398.1,1398.8,1398.8,1398.4,1398.5
201907060238,1398.1,1398.1,1397.5,1397.7,1398.5,1398.5,1397.9,1398.1
201907060239,1397.7,1397.9,1397.7,1397.9,1398.1,1398.3,1398.1,1398.3
201907060240,1397.8,1397.9,1397.6,1397.8,1398.2,1398.3,1398,1398.2
201907060241,1397.8,1397.9,1397.8,1397.9,1398.2,1398.3,1398.2,1398.3
201907060242,1397.9,1398,1397.8,1397.9,1398.3,1398.4,1398.2,1398.3
201907060243,1397.9,1398.5,1397.9,1398.2,1398.3,1398.9,1398.3,1398.6
201907060244,1398.2,1398.8,1398.2,1398.7,1398.6,1399.2,1398.6,1399.1
201907060245,1398.7,1399,1398.7,1398.8,1399.1,1399.4,1399.1,1399.2
201907060246,1398.8,1398.8,1398.7,1398.7,1399.2,1399.2,1399.1,1399.1
201907060247,1398.7,1399,1398.7,1399,1399.1,1399.4,1399.1,1399.4
201907060248,1399,1399,1398.8,1398.8,1399.4,1399.4,1399.2,1399.2
201907060249,1398.8,1399,1398.8,1398.9,1399.2,1399.4,1399.2,1399.3
201907060250,1398.9,1399,1398.8,1399,1399.3,1399.4,1399.2,1399.4
201907060251,1399,1399.1,1398.7,1398.7,1399.4,1399.5,1399.1,1399.1
201907060252,1398.6,1398.8,1398.2,1398.2,1399,1399.2,1398.6,1398.6
201907060253,1398.2,1398.3,1397.6,1397.6,1398.6,1398.7,1398,1398
201907060254,1397.6,1397.8,1397.6,1397.8,1398,1398.2,1398,1398.2
201907060255,1397.8,1398,1397.8,1397.9,1398.2,1398.4,1398.2,1398.3
201907060256,1397.9,1398,1397.9,1398,1398.3,1398.4,1398.3,1398.4
201907060257,1398,1398.1,1397.8,1397.9,1398.4,1398.5,1398.2,1398.3
201907060258,1397.9,1397.9,1397.8,1397.9,1398.3,1398.3,1398.2,1398.3
201907060259,1397.9,1398.2,1397.9,1398,1398.3,1398.6,1398.3,1398.4
201907060300,1398,1398.1,1397.8,1397.8,1398.4,1398.5,1398.2,1398.2
201907060301,1397.8,1397.9,1397.6,1397.7,1398.2,1398.3,1398,1398.1
201907060302,1397.7,1398.1,1397.7,1398.1,1398.1,1398.5,1398.1,1398.5
201907060303,1398.1,1398.1,1397.9,1397.9,1398.5,1398.5,1398.3,1398.3
201907060304,1397.9,1397.9,1397.7,1397.8,1398.3,1398.3,1398.1,1398.2
201907060305,1397.8,1398.3,1397.8,1398.2,1398.2,1398.7,1398.2,1398.6
201907060306,1398.2,1398.3,1398.1,1398.1,1398.6,1398.7,1398.5,1398.5
201907060307,1398.1,1398.1,1398,1398,1398.5,1398.5,1398.4,1398.4
201907060308,1398,1398,1397.8,1398,1398.4,1398.4,1398.2,1398.4
201907060309,1398,1398.7,1397.8,1398.7,1398.4,1399.1,1398.2,1399.1
201907060310,1398.7,1398.8,1398.5,1398.6,1399.1,1399.2,1398.9,1399
201907060311,1398.6,1398.7,1398.6,1398.7,1399,1399.1,1399,1399.1
201907060312,1398.7,1398.7,1398.3,1398.3,1399.1,1399.1,1398.7,1398.7
201907060313,1398.2,1398.3,1398.1,1398.1,1398.6,1398.7,1398.5,1398.5
201907060314,1398.1,1398.3,1398.1,1398.3,1398.5,1398.7,1398.5,1398.7
201907060315,1398.3,1398.4,1398.2,1398.2,1398.7,1398.8,1398.6,1398.6
201907060316,1398.3,1398.4,1398.2,1398.4,1398.7,1398.8,1398.6,1398.8
201907060317,1398.4,1398.4,1398.1,1398.2,1398.8,1398.8,1398.5,1398.6
201907060318,1398.2,1398.2,1398,1398,1398.6,1398.6,1398.4,1398.4
201907060319,1398,1398.2,1397.9,1397.9,1398.4,1398.6,1398.3,1398.3
201907060320,1397.9,1397.9,1397.7,1397.9,1398.3,1398.3,1398.1,1398.3
201907060321,1397.9,1397.9,1397.8,1397.8,1398.3,1398.3,1398.2,1398.2
201907060322,1397.8,1398,1397.7,1398,1398.2,1398.4,1398.1,1398.4
201907060323,1398,1398.1,1397.9,1397.9,1398.4,1398.5,1398.3,1398.3
201907060324,1397.9,1397.9,1397.6,1397.6,1398.3,1398.3,1398,1398
201907060325,1397.6,1397.7,1397.5,1397.5,1398,1398.1,1397.9,1397.9
201907060326,1397.5,1397.7,1397.4,1397.7,1397.9,1398.1,1397.8,1398.1
201907060327,1397.7,1397.9,1397.6,1397.9,1398.1,1398.3,1398,1398.3
201907060328,1397.9,1397.9,1397.5,1397.6,1398.3,1398.3,1397.9,1398
201907060329,1397.5,1397.8,1397.5,1397.7,1397.9,1398.2,1397.9,1398.1
201907060330,1397.8,1398,1397.7,1397.9,1398.2,1398.4,1398.1,1398.3
201907060331,1397.9,1398.2,1397.9,1398.2,1398.3,1398.6,1398.3,1398.6
201907060332,1398.2,1398.2,1398.1,1398.2,1398.6,1398.6,1398.5,1398.6
201907060333,1398.2,1398.3,1398.1,1398.3,1398.6,1398.7,1398.5,1398.7
201907060334,1398.3,1398.5,1398.3,1398.4,1398.7,1398.9,1398.7,1398.8
201907060335,1398.4,1398.4,1398.1,1398.3,1398.8,1398.8,1398.5,1398.7
201907060336,1398.3,1398.3,1398.1,1398.2,1398.7,1398.7,1398.5,1398.6
201907060337,1398.2,1398.2,1398,1398.1,1398.6,1398.6,1398.4,1398.5
201907060338,1398.1,1398.2,1397.9,1398,1398.5,1398.6,1398.3,1398.4
201907060339,1398,1398.2,1398,1398.1,1398.4,1398.6,1398.4,1398.5
201907060340,1398.1,1398.2,1398,1398.1,1398.5,1398.6,1398.4,1398.5
201907060341,1398.1,1398.1,1398,1398.1,1398.5,1398.5,1398.4,1398.5
201907060342,1398.1,1398.2,1398.1,1398.2,1398.5,1398.6,1398.5,1398.6
201907060343,1398.1,1398.2,1398.1,1398.2,1398.5,1398.6,1398.5,1398.6
201907060344,1398.2,1398.4,1398.1,1398.2,1398.6,1398.8,1398.5,1398.6
201907060345,1398.2,1398.3,1398.2,1398.2,1398.6,1398.7,1398.6,1398.6
201907060346,1398.2,1398.2,1398.1,1398.1,1398.6,1398.6,1398.5,1398.5
201907060347,1398.1,1398.4,1398,1398.4,1398.5,1398.8,1398.4,1398.8
201907060348,1398.4,1398.5,1398.2,1398.4,1398.8,1398.9,1398.6,1398.8
201907060349,1398.4,1398.7,1398.4,1398.7,1398.8,1399.1,1398.8,1399.1
201907060350,1398.6,1398.9,1398.6,1398.9,1399,1399.3,1399,1399.3
201907060351,1398.9,1399,1398.8,1398.8,1399.3,1399.4,1399.2,1399.2
201907060352,1398.8,1399.1,1398.8,1399.1,1399.2,1399.5,1399.2,1399.5
201907060353,1399.1,1399.2,1399,1399,1399.5,1399.6,1399.4,1399.4
201907060354,1399,1399,1398.9,1398.9,1399.4,1399.4,1399.3,1399.3
201907060355,1398.9,1398.9,1398.7,1398.8,1399.3,1399.3,1399.1,1399.2
201907060356,1398.9,1399,1398.8,1399,1399.3,1399.4,1399.2,1399.4
201907060357,1399,1399,1398.8,1398.8,1399.4,1399.4,1399.2,1399.2
201907060358,1398.9,1399,1398.8,1399,1399.3,1399.4,1399.2,1399.4
201907060359,1399,1399.4,1398.9,1399.4,1399.4,1399.8,1399.3,1399.8
201907060400,1399.4,1399.5,1399.3,1399.3,1399.8,1399.9,1399.7,1399.7
201907060401,1399.3,1399.4,1399.3,1399.3,1399.7,1399.8,1399.7,1399.7
201907060402,1399.4,1399.7,1399.4,1399.7,1399.8,1400.1,1399.8,1400.1
201907060403,1399.7,1399.7,1399.6,1399.7,1400.1,1400.1,1400,1400.1
201907060404,1399.7,1399.7,1399.6,1399.6,1400.1,1400.1,1400,1400
201907060405,1399.6,1399.6,1399.6,1399.6,1400,1400,1400,1400
201907060406,1399.6,1399.7,1399.5,1399.5,1400,1400.1,1399.9,1399.9
201907060407,1399.6,1399.6,1399.3,1399.3,1400,1400,1399.7,1399.7
201907060408,1399.3,1399.4,1399.3,1399.4,1399.7,1399.8,1399.7,1399.8
201907060409,1399.4,1399.5,1399.4,1399.4,1399.8,1399.9,1399.8,1399.8
201907060410,1399.4,1399.7,1399.4,1399.7,1399.8,1400.1,1399.8,1400.1
201907060411,1399.7,1399.7,1399.5,1399.6,1400.1,1400.1,1399.9,1400
201907060412,1399.7,1399.7,1399.6,1399.7,1400.1,1400.1,1400,1400.1
201907060413,1399.7,1399.7,1399.5,1399.5,1400.1,1400.1,1399.9,1399.9
201907060414,1399.5,1399.6,1399.4,1399.5,1399.9,1400,1399.8,1399.9
201907060415,1399.5,1399.7,1399.5,1399.7,1399.9,1400.1,1399.9,1400.1
201907060416,1399.7,1400,1399.6,1400,1400.1,1400.4,1400,1400.4
201907060417,1400,1400.1,1399.9,1400,1400.4,1400.5,1400.3,1400.4
201907060418,1400,1400.2,1400,1400.2,1400.4,1400.6,1400.4,1400.6
201907060419,1400.2,1400.3,1400.2,1400.3,1400.6,1400.7,1400.6,1400.7
201907060420,1400.3,1400.9,1400.3,1400.7,1400.7,1401.3,1400.7,1401.1
201907060421,1400.7,1401,1400.7,1400.9,1401.1,1401.4,1401.1,1401.3
201907060422,1400.9,1401,1400.7,1400.7,1401.3,1401.4,1401.1,1401.1
201907060423,1400.7,1400.8,1400.5,1400.7,1401.1,1401.2,1400.9,1401.1
201907060424,1400.7,1400.9,1400.7,1400.9,1401.1,1401.3,1401.1,1401.3
201907060425,1400.9,1401.3,1400.9,1401.2,1401.3,1401.7,1401.3,1401.6
201907060426,1401.2,1401.4,1401,1401.2,1401.6,1401.8,1401.4,1401.6
201907060427,1401.2,1401.4,1401.2,1401.4,1401.6,1401.8,1401.6,1401.8
201907060428,1401.4,1401.6,1401.3,1401.5,1401.8,1402,1401.7,1401.9
201907060429,1401.5,1401.8,1401.5,1401.8,1401.9,1402.2,1401.9,1402.2
201907060430,1401.8,1402,1401.5,1401.8,1402.2,1402.4,1401.9,1402.2
201907060431,1401.8,1402.2,1401.8,1402.1,1402.2,1402.6,1402.2,1402.5
201907060432,1402.1,1402.4,1402,1402,1402.5,1402.8,1402.4,1402.4
201907060433,1402,1402,1401.3,1401.5,1402.4,1402.4,1401.7,1401.9
201907060434,1401.5,1401.5,1401.1,1401.3,1401.9,1401.9,1401.5,1401.7
201907060435,1401.3,1401.5,1401.2,1401.3,1401.7,1401.9,1401.6,1401.7
201907060436,1401.3,1401.4,1401.2,1401.2,1401.7,1401.8,1401.6,1401.6
201907060437,1401.2,1401.5,1401.1,1401.4,1401.6,1401.9,1401.5,1401.8
201907060438,1401.4,1401.5,1401.1,1401.1,1401.8,1401.9,1401.5,1401.5
201907060439,1401.1,1401.3,1401.1,1401.2,1401.5,1401.7,1401.5,1401.6
201907060440,1401.2,1401.5,1401.1,1401.5,1401.6,1401.9,1401.5,1401.9
201907060441,1401.5,1401.5,1401.1,1401.1,1401.9,1401.9,1401.5,1401.5
201907060442,1401.1,1401.1,1400.8,1400.9,1401.5,1401.5,1401.2,1401.3
201907060443,1400.9,1401.2,1400.8,1401,1401.3,1401.6,1401.2,1401.4
201907060444,1401,1401,1400.8,1400.9,1401.4,1401.4,1401.2,1401.3
201907060445,1400.9,1401.1,1400.8,1401,1401.3,1401.5,1401.2,1401.4
201907060446,1401,1401,1400.5,1400.7,1401.4,1401.4,1400.9,1401.1
201907060447,1400.7,1400.8,1400.2,1400.2,1401.1,1401.2,1400.6,1400.6
201907060448,1400.2,1400.8,1400.1,1400.6,1400.6,1401.2,1400.5,1401
201907060449,1400.6,1400.6,1400.4,1400.6,1401,1401,1400.8,1401
201907060450,1400.6,1400.6,1400.5,1400.5,1401,1401,1400.9,1400.9
201907060451,1400.5,1400.7,1400.5,1400.6,1400.9,1401.1,1400.9,1401
201907060452,1400.6,1400.8,1400.5,1400.6,1401,1401.2,1400.9,1401
201907060453,1400.6,1400.7,1400.6,1400.6,1401,1401.1,1401,1401
201907060454,1400.6,1400.8,1400.5,1400.8,1401,1401.2,1400.9,1401.2
201907060455,1400.8,1400.9,1400.2,1400.2,1401.2,1401.3,1400.6,1400.6
201907060456,1400.2,1400.7,1400.2,1400.6,1400.6,1401.1,1400.6,1401
201907060457,1400.6,1400.6,1400.3,1400.4,1401,1401,1400.7,1400.8
201907060458,1400.4,1400.4,1400,1400.3,1400.8,1400.8,1400.4,1400.7
201907060459,1400.3,1401,1400.3,1400.7,1400.7,1401.4,1400.7,1401.1
201907060500,1400.7,1400.7,1400.5,1400.5,1401.1,1401.1,1400.9,1400.9
201907060501,1400.5,1400.6,1400.4,1400.5,1400.9,1401,1400.8,1400.9
201907060502,1400.5,1400.5,1400.2,1400.3,1400.9,1400.9,1400.6,1400.7
201907060503,1400.3,1400.3,1400.1,1400.2,1400.7,1400.7,1400.5,1400.6
201907060504,1400.2,1400.3,1400.2,1400.2,1400.6,1400.7,1400.6,1400.6
201907060505,1400.2,1400.2,1400.1,1400.1,1400.6,1400.6,1400.5,1400.5
201907060506,1400.1,1400.1,1399.9,1400,1400.5,1400.5,1400.3,1400.4
201907060507,1400,1400.1,1400,1400,1400.4,1400.5,1400.4,1400.4
201907060508,1400,1400,1400,1400,1400.4,1400.4,1400.4,1400.4
201907060509,1400,1400.1,1400,1400.1,1400.4,1400.5,1400.4,1400.5
201907060510,1400.1,1400.2,1399.7,1399.7,1400.5,1400.6,1400.1,1400.1
201907060511,1399.7,1399.8,1399.6,1399.8,1400.1,1400.2,1400,1400.2
201907060512,1399.8,1399.8,1399.7,1399.8,1400.2,1400.2,1400.1,1400.2
201907060513,1399.8,1399.8,1399.6,1399.7,1400.2,1400.2,1400,1400.1
201907060514,1399.7,1399.7,1399.4,1399.6,1400.1,1400.1,1399.8,1400
201907060515,1399.6,1399.6,1399.5,1399.5,1400,1400,1399.9,1399.9
201907060516,1399.5,1399.6,1399.5,1399.6,1399.9,1400,1399.9,1400
201907060517,1399.5,1399.6,1399.5,1399.5,1399.9,1400,1399.9,1399.9
201907060518,1399.5,1399.6,1399.5,1399.5,1399.9,1400,1399.9,1399.9
201907060519,1399.5,1399.6,1399.4,1399.4,1399.9,1400,1399.8,1399.8
201907060520,1399.4,1399.5,1399.4,1399.5,1399.8,1399.9,1399.8,1399.9
201907060521,1399.5,1399.6,1399.5,1399.6,1399.9,1400,1399.9,1400
201907060522,1399.6,1399.9,1399.6,1399.9,1400,1400.3,1400,1400.3
201907060523,1399.8,1399.8,1399.6,1399.6,1400.2,1400.2,1400,1400
201907060524,1399.6,1399.6,1399.5,1399.5,1400,1400,1399.9,1399.9
201907060525,1399.5,1399.5,1399.4,1399.4,1399.9,1399.9,1399.8,1399.8
201907060526,1399.4,1399.5,1399.3,1399.3,1399.8,1399.9,1399.7,1399.7
201907060527,1399.3,1399.4,1399.1,1399.2,1399.7,1399.8,1399.5,1399.6
201907060528,1399.2,1399.2,1399.1,1399.1,1399.6,1399.6,1399.5,1399.5
201907060529,1399.1,1399.2,1399.1,1399.1,1399.5,1399.6,1399.5,1399.5
201907060530,1399.1,1399.2,1398.8,1398.9,1399.5,1399.6,1399.2,1399.3
201907060531,1398.9,1399,1398.8,1398.9,1399.3,1399.4,1399.2,1399.3
201907060532,1398.9,1398.9,1398.7,1398.7,1399.3,1399.3,1399.1,1399.1
201907060533,1398.7,1398.8,1398.7,1398.7,1399.1,1399.2,1399.1,1399.1
201907060534,1398.7,1398.8,1398.6,1398.6,1399.1,1399.2,1399,1399
201907060535,1398.6,1398.6,1398.3,1398.3,1399,1399,1398.7,1398.7
201907060536,1398.3,1398.7,1398.3,1398.6,1398.7,1399.1,1398.7,1399
201907060537,1398.6,1398.9,1398.6,1398.7,1399,1399.3,1399,1399.1
201907060538,1398.7,1398.7,1398.7,1398.7,1399.1,1399.1,1399.1,1399.1
201907060539,1398.7,1398.7,1398.7,1398.7,1399.1,1399.1,1399.1,1399.1
201907060540,1398.7,1398.8,1398.6,1398.6,1399.1,1399.2,1399,1399
201907060541,1398.6,1398.6,1398.4,1398.5,1399,1399,1398.8,1398.9
201907060542,1398.5,1398.7,1398.5,1398.6,1398.9,1399.1,1398.9,1399
201907060543,1398.6,1398.7,1398.6,1398.6,1399,1399.1,1399,1399
201907060544,1398.7,1398.7,1398.6,1398.6,1399.1,1399.1,1399,1399
201907060545,1398.6,1398.7,1398.4,1398.4,1399,1399.1,1398.8,1398.8
201907060546,1398.4,1398.4,1398.4,1398.4,1398.8,1398.8,1398.8,1398.8
201907060547,1398.4,1398.4,1398.4,1398.4,1398.8,1398.8,1398.8,1398.8
201907060548,1398.4,1398.6,1398.4,1398.5,1398.8,1399,1398.8,1398.9
201907060549,1398.5,1398.6,1398.4,1398.6,1398.9,1399,1398.8,1399
201907060550,1398.6,1398.9,1398.4,1398.5,1399,1399.3,1399,1399
201907060551,1398.5,1398.7,1398.4,1398.7,1399,1399.3,1399,1399.3
201907060552,1398.7,1398.7,1398.2,1398.3,1399.3,1399.3,1398.8,1399
201907060553,1398.3,1398.4,1398.1,1398.2,1399,1399,1398.6,1398.7
201907060554,1398.2,1398.3,1398,1398.1,1398.7,1398.8,1398.6,1398.8
201907060555,1398.1,1398.4,1398.1,1398.4,1398.8,1399,1398.7,1398.9
201907060556,1398.4,1398.5,1398.3,1398.5,1398.9,1399.1,1398.9,1399
201907060557,1398.5,1398.7,1398.5,1398.6,1399,1399.4,1399,1399.3
201907060558,1398.6,1398.8,1398.5,1398.6,1399.3,1399.5,1399.3,1399.4
201907060559,1398.6,1399.3,1398.6,1399,1399.3,1400.2,1399.3,1399.9
