日時,始値(BID),高値(BID),安値(BID),終値(BID),始値(ASK),高値(ASK),安値(ASK),終値(ASK)
202105060700,1787.1,1787.5,1786.8,1787.1,1787.5,1788.1,1787.2,1787.5
202105060701,1787.1,1787.1,1786.9,1787.1,1787.5,1787.5,1787.3,1787.5
202105060702,1787,1787.2,1787,1787.2,1787.4,1787.6,1787.4,1787.6
202105060703,1787.2,1787.2,1786.9,1787,1787.6,1787.6,1787.3,1787.4
202105060704,1787,1787,1786.7,1786.7,1787.4,1787.4,1787.1,1787.1
202105060705,1786.7,1786.8,1786.4,1786.6,1787.1,1787.2,1786.8,1787
202105060706,1786.6,1786.7,1786.3,1786.4,1787,1787.1,1786.7,1786.8
202105060707,1786.4,1786.7,1786.3,1786.5,1786.8,1787.1,1786.7,1786.9
202105060708,1786.5,1786.8,1786.5,1786.6,1786.9,1787.2,1786.9,1787
202105060709,1786.6,1786.7,1786.6,1786.6,1787,1787.1,1787,1787
202105060710,1786.6,1786.7,1786.5,1786.5,1787,1787.1,1786.9,1786.9
202105060711,1786.5,1786.8,1786.5,1786.8,1786.9,1787.2,1786.9,1787.2
202105060712,1786.8,1786.9,1786.7,1786.7,1787.2,1787.3,1787.1,1787.1
202105060713,1786.7,1786.9,1786.6,1786.9,1787.1,1787.3,1787,1787.3
202105060714,1786.9,1787.1,1786.8,1786.9,1787.3,1787.5,1787.2,1787.3
202105060715,1786.9,1787.3,1786.9,1787.1,1787.3,1787.7,1787.3,1787.5
202105060716,1787.1,1787.1,1787,1787,1787.5,1787.5,1787.4,1787.4
202105060717,1787.1,1787.1,1787.1,1787.1,1787.5,1787.5,1787.5,1787.5
202105060718,1787.1,1787.1,1786.9,1786.9,1787.5,1787.5,1787.3,1787.3
202105060719,1786.9,1786.9,1786.9,1786.9,1787.3,1787.3,1787.3,1787.3
202105060720,1786.9,1786.9,1786.8,1786.9,1787.3,1787.3,1787.2,1787.3
202105060721,1786.9,1786.9,1786.8,1786.9,1787.3,1787.3,1787.2,1787.3
202105060722,1786.9,1787.1,1786.8,1787.1,1787.3,1787.5,1787.2,1787.5
202105060723,1787.1,1787.2,1787,1787,1787.5,1787.6,1787.4,1787.4
202105060724,1787,1787,1787,1787,1787.4,1787.4,1787.4,1787.4
202105060725,1787,1787,1786.9,1786.9,1787.4,1787.4,1787.3,1787.3
202105060726,1786.9,1787,1786.6,1786.6,1787.3,1787.4,1787,1787
202105060727,1786.6,1786.6,1786.5,1786.6,1787,1787,1786.9,1787
202105060728,1786.6,1786.8,1786.6,1786.8,1787,1787.2,1787,1787.2
202105060729,1786.8,1786.8,1786.6,1786.6,1787.2,1787.2,1787,1787
202105060730,1786.6,1786.8,1786.6,1786.8,1787,1787.2,1787,1787.2
202105060731,1786.8,1787,1786.8,1786.9,1787.2,1787.4,1787.2,1787.3
202105060732,1786.9,1786.9,1786.5,1786.5,1787.3,1787.3,1786.9,1786.9
202105060733,1786.5,1786.6,1786.5,1786.6,1786.9,1787,1786.9,1787
202105060734,1786.6,1786.6,1786.4,1786.4,1787,1787,1786.8,1786.8
202105060735,1786.4,1786.6,1786.3,1786.6,1786.8,1787,1786.7,1787
202105060736,1786.6,1786.7,1786.6,1786.7,1787,1787.1,1787,1787.1
202105060737,1786.7,1786.7,1786.5,1786.6,1787.1,1787.1,1786.9,1787
202105060738,1786.6,1786.6,1786.5,1786.5,1787,1787,1786.9,1786.9
202105060739,1786.5,1786.5,1786.5,1786.5,1786.9,1786.9,1786.9,1786.9
202105060740,1786.5,1786.6,1786.5,1786.5,1786.9,1787,1786.9,1786.9
202105060741,1786.5,1786.5,1786.4,1786.4,1786.9,1786.9,1786.8,1786.8
202105060742,1786.4,1786.4,1786.3,1786.3,1786.8,1786.8,1786.7,1786.7
202105060743,1786.3,1786.3,1786.2,1786.2,1786.7,1786.7,1786.6,1786.6
202105060744,1786.2,1786.3,1786.1,1786.2,1786.6,1786.7,1786.5,1786.6
202105060745,1786.2,1786.4,1786.1,1786.4,1786.6,1786.8,1786.5,1786.8
202105060746,1786.5,1786.6,1786.4,1786.6,1786.9,1787,1786.8,1787
202105060747,1786.6,1786.7,1786.6,1786.6,1787,1787.1,1787,1787
202105060748,1786.6,1786.6,1786.4,1786.4,1787,1787,1786.8,1786.8
202105060749,1786.4,1786.4,1786.4,1786.4,1786.8,1786.8,1786.8,1786.8
202105060750,1786.4,1786.4,1786.3,1786.3,1786.8,1786.8,1786.7,1786.7
202105060751,1786.3,1786.3,1786.1,1786.1,1786.7,1786.7,1786.5,1786.5
202105060752,1786.1,1786.1,1786.1,1786.1,1786.5,1786.5,1786.5,1786.5
202105060753,1786.1,1786.1,1786,1786,1786.5,1786.5,1786.4,1786.4
202105060754,1786,1786,1785.8,1785.9,1786.4,1786.4,1786.2,1786.3
202105060755,1785.8,1785.8,1785.7,1785.8,1786.2,1786.2,1786.1,1786.2
202105060756,1785.8,1785.8,1785.7,1785.8,1786.2,1786.2,1786.1,1786.2
202105060757,1785.8,1785.9,1785.7,1785.9,1786.2,1786.3,1786.1,1786.3
202105060758,1785.9,1785.9,1785.8,1785.8,1786.3,1786.3,1786.2,1786.2
202105060759,1785.8,1785.8,1785.6,1785.6,1786.2,1786.2,1786,1786
202105060800,1785.6,1786.4,1785.6,1786.4,1786,1786.8,1786,1786.8
202105060801,1786.4,1786.6,1786.4,1786.6,1786.8,1787,1786.8,1787
202105060802,1786.6,1786.8,1786.5,1786.8,1787,1787.2,1786.9,1787.2
202105060803,1786.8,1786.8,1786.5,1786.5,1787.2,1787.2,1786.9,1786.9
202105060804,1786.4,1786.5,1786.4,1786.4,1786.8,1786.9,1786.8,1786.8
202105060805,1786.4,1786.4,1786.2,1786.2,1786.8,1786.8,1786.6,1786.6
202105060806,1786.2,1786.2,1785.9,1785.9,1786.6,1786.6,1786.3,1786.3
202105060807,1785.9,1785.9,1785.8,1785.8,1786.3,1786.3,1786.2,1786.2
202105060808,1785.8,1785.8,1785.7,1785.7,1786.2,1786.2,1786.1,1786.1
202105060809,1785.7,1785.7,1785.6,1785.6,1786.1,1786.1,1786,1786
202105060810,1785.6,1785.7,1785.5,1785.5,1786,1786.1,1785.9,1785.9
202105060811,1785.5,1785.7,1785.5,1785.6,1785.9,1786.1,1785.9,1786
202105060812,1785.6,1785.6,1785.4,1785.4,1786,1786,1785.8,1785.8
202105060813,1785.4,1785.4,1785.3,1785.3,1785.8,1785.8,1785.7,1785.7
202105060814,1785.3,1785.3,1785.3,1785.3,1785.7,1785.7,1785.7,1785.7
202105060815,1785.3,1785.4,1785.3,1785.4,1785.7,1785.8,1785.7,1785.8
202105060816,1785.4,1785.7,1785.4,1785.5,1785.8,1786.1,1785.8,1785.9
202105060817,1785.5,1785.6,1785.3,1785.3,1785.9,1786,1785.7,1785.7
202105060818,1785.3,1785.3,1785.2,1785.2,1785.7,1785.7,1785.6,1785.6
202105060819,1785.2,1785.2,1785.2,1785.2,1785.6,1785.6,1785.6,1785.6
202105060820,1785.2,1785.2,1785.2,1785.2,1785.6,1785.6,1785.6,1785.6
202105060821,1785.2,1785.3,1785.2,1785.3,1785.6,1785.7,1785.6,1785.7
202105060822,1785.3,1785.3,1785.2,1785.3,1785.7,1785.7,1785.6,1785.7
202105060823,1785.3,1785.3,1785.2,1785.2,1785.7,1785.7,1785.6,1785.6
202105060824,1785.2,1785.2,1785.2,1785.2,1785.6,1785.6,1785.6,1785.6
202105060825,1785.2,1785.3,1785.2,1785.3,1785.6,1785.7,1785.6,1785.7
202105060826,1785.3,1785.4,1785.2,1785.2,1785.7,1785.8,1785.6,1785.6
202105060827,1785.2,1785.4,1785.2,1785.3,1785.6,1785.8,1785.6,1785.7
202105060828,1785.3,1785.6,1785.3,1785.4,1785.7,1786,1785.7,1785.8
202105060829,1785.5,1785.5,1785.4,1785.4,1785.9,1785.9,1785.8,1785.8
202105060830,1785.4,1785.5,1785.2,1785.4,1785.8,1785.9,1785.6,1785.8
202105060831,1785.4,1785.5,1785.3,1785.4,1785.8,1785.9,1785.7,1785.8
202105060832,1785.4,1785.4,1784.7,1784.8,1785.8,1785.8,1785.1,1785.2
202105060833,1784.8,1784.8,1784.5,1784.5,1785.2,1785.2,1784.9,1784.9
202105060834,1784.5,1784.8,1784.5,1784.8,1784.9,1785.2,1784.9,1785.2
202105060835,1784.9,1785,1784.7,1784.8,1785.3,1785.4,1785.1,1785.2
202105060836,1784.7,1785.1,1784.6,1784.8,1785.1,1785.5,1785,1785.2
202105060837,1784.8,1785.2,1784.7,1784.9,1785.2,1785.6,1785.1,1785.3
202105060838,1784.9,1785.7,1784.9,1785.7,1785.3,1786.1,1785.3,1786.1
202105060839,1785.7,1785.7,1785.4,1785.4,1786.1,1786.1,1785.8,1785.8
202105060840,1785.4,1785.7,1785.4,1785.7,1785.8,1786.1,1785.8,1786.1
202105060841,1785.7,1785.9,1785.7,1785.8,1786.1,1786.3,1786.1,1786.2
202105060842,1785.8,1786,1785.8,1786,1786.2,1786.4,1786.2,1786.4
202105060843,1786,1786.2,1785.8,1786.2,1786.4,1786.6,1786.2,1786.6
202105060844,1786.2,1786.2,1785.8,1786,1786.6,1786.6,1786.2,1786.4
202105060845,1786,1786.1,1785.7,1785.7,1786.4,1786.5,1786.1,1786.1
202105060846,1785.7,1785.8,1785.5,1785.6,1786.1,1786.2,1785.9,1786
202105060847,1785.6,1785.7,1785,1785.1,1786,1786.1,1785.4,1785.5
202105060848,1785.1,1785.2,1785,1785.1,1785.5,1785.6,1785.4,1785.5
202105060849,1785.1,1785.2,1785.1,1785.1,1785.5,1785.6,1785.5,1785.5
202105060850,1785.1,1785.2,1785.1,1785.1,1785.5,1785.6,1785.5,1785.5
202105060851,1785.1,1785.2,1785.1,1785.1,1785.5,1785.6,1785.5,1785.5
202105060852,1785.1,1785.3,1785.1,1785.3,1785.5,1785.7,1785.5,1785.7
202105060853,1785.3,1785.4,1785.3,1785.4,1785.7,1785.8,1785.7,1785.8
202105060854,1785.4,1785.6,1785.2,1785.2,1785.8,1786,1785.6,1785.6
202105060855,1785.2,1785.2,1785.2,1785.2,1785.6,1785.6,1785.6,1785.6
202105060856,1785.2,1785.3,1785.2,1785.2,1785.6,1785.7,1785.6,1785.6
202105060857,1785.2,1785.5,1785.2,1785.4,1785.6,1785.9,1785.6,1785.8
202105060858,1785.4,1785.5,1785.2,1785.2,1785.8,1785.9,1785.6,1785.6
202105060859,1785.2,1785.4,1785.2,1785.2,1785.6,1785.8,1785.6,1785.6
202105060900,1785.2,1785.8,1785.2,1785.8,1785.6,1786.2,1785.6,1786.2
202105060901,1785.8,1785.9,1785.7,1785.7,1786.2,1786.3,1786.1,1786.1
202105060902,1785.7,1785.7,1785.1,1785.2,1786.1,1786.1,1785.5,1785.6
202105060903,1785.2,1785.3,1785.1,1785.2,1785.6,1785.7,1785.5,1785.6
202105060904,1785.2,1785.2,1785.1,1785.1,1785.6,1785.6,1785.5,1785.5
202105060905,1785.1,1785.2,1785.1,1785.1,1785.5,1785.6,1785.5,1785.5
202105060906,1785.1,1785.1,1784.7,1784.8,1785.5,1785.5,1785.1,1785.2
202105060907,1784.8,1784.8,1784.8,1784.8,1785.2,1785.2,1785.2,1785.2
202105060908,1784.8,1784.8,1784.4,1784.8,1785.2,1785.2,1784.8,1785.2
202105060909,1784.8,1784.9,1784.8,1784.9,1785.2,1785.3,1785.2,1785.3
202105060910,1784.9,1785.4,1784.7,1785.4,1785.3,1785.8,1785.1,1785.8
202105060911,1785.4,1786.3,1785.4,1785.8,1785.8,1786.7,1785.8,1786.2
202105060912,1785.8,1786,1785.3,1786,1786.2,1786.4,1785.7,1786.4
202105060913,1786,1786,1785.3,1785.3,1786.4,1786.4,1785.7,1785.7
202105060914,1785.3,1785.4,1785,1785.3,1785.7,1785.8,1785.4,1785.7
202105060915,1785.3,1785.5,1785,1785,1785.7,1785.9,1785.4,1785.4
202105060916,1785,1785,1784.9,1785,1785.4,1785.4,1785.3,1785.4
202105060917,1785,1785,1784.6,1784.7,1785.4,1785.4,1785,1785.1
202105060918,1784.7,1784.7,1784.5,1784.5,1785.1,1785.1,1784.9,1784.9
202105060919,1784.5,1784.5,1784.1,1784.1,1784.9,1784.9,1784.5,1784.5
202105060920,1784.1,1784.4,1784.1,1784.3,1784.5,1784.8,1784.5,1784.7
202105060921,1784.3,1784.4,1784,1784.1,1784.7,1784.8,1784.4,1784.5
202105060922,1784.1,1784.4,1784.1,1784.3,1784.5,1784.8,1784.5,1784.7
202105060923,1784.3,1784.5,1784.3,1784.3,1784.7,1784.9,1784.7,1784.7
202105060924,1784.4,1784.5,1784.4,1784.5,1784.8,1784.9,1784.8,1784.9
202105060925,1784.5,1784.7,1784.5,1784.6,1784.9,1785.1,1784.9,1785
202105060926,1784.6,1784.6,1784.3,1784.3,1785,1785,1784.7,1784.7
202105060927,1784.3,1784.6,1784.3,1784.4,1784.7,1785,1784.7,1784.8
202105060928,1784.4,1784.6,1784.4,1784.6,1784.8,1785,1784.8,1785
202105060929,1784.6,1784.7,1784.5,1784.5,1785,1785.1,1784.9,1784.9
202105060930,1784.5,1784.8,1784.5,1784.8,1784.9,1785.2,1784.9,1785.2
202105060931,1784.8,1785,1784.8,1784.9,1785.2,1785.4,1785.2,1785.3
202105060932,1784.9,1785.2,1784.9,1785.2,1785.3,1785.6,1785.3,1785.6
202105060933,1785.2,1785.3,1785.1,1785.3,1785.6,1785.7,1785.5,1785.7
202105060934,1785.3,1785.4,1785.2,1785.4,1785.7,1785.8,1785.6,1785.8
202105060935,1785.4,1785.5,1785.2,1785.3,1785.8,1785.9,1785.6,1785.7
202105060936,1785.3,1785.4,1785.2,1785.2,1785.7,1785.8,1785.6,1785.6
202105060937,1785.2,1785.2,1784.6,1784.7,1785.6,1785.6,1785,1785.1
202105060938,1784.7,1784.8,1784.6,1784.7,1785.1,1785.2,1785,1785.1
202105060939,1784.7,1785.1,1784.7,1784.9,1785.1,1785.5,1785.1,1785.3
202105060940,1784.9,1785,1784.6,1784.6,1785.3,1785.4,1785,1785
202105060941,1784.6,1784.6,1784,1784,1785,1785,1784.4,1784.4
202105060942,1784,1784.5,1784,1784.2,1784.4,1784.9,1784.4,1784.6
202105060943,1784.2,1784.3,1783.9,1784,1784.6,1784.7,1784.3,1784.4
202105060944,1784,1784.1,1783.8,1783.9,1784.4,1784.5,1784.2,1784.3
202105060945,1783.9,1784.5,1783.9,1784.1,1784.3,1784.9,1784.3,1784.5
202105060946,1784.1,1784.1,1783.8,1783.9,1784.5,1784.5,1784.2,1784.3
202105060947,1783.9,1783.9,1783.8,1783.8,1784.3,1784.3,1784.2,1784.2
202105060948,1783.8,1783.9,1783.7,1783.9,1784.2,1784.3,1784.1,1784.3
202105060949,1783.9,1784,1783.8,1783.9,1784.3,1784.4,1784.2,1784.3
202105060950,1783.9,1784.3,1783.9,1784.2,1784.3,1784.7,1784.3,1784.6
202105060951,1784.2,1784.2,1783.9,1784,1784.6,1784.6,1784.3,1784.4
202105060952,1784,1784.5,1784,1784.5,1784.4,1784.9,1784.4,1784.9
202105060953,1784.5,1784.5,1783.9,1784.1,1784.9,1784.9,1784.3,1784.5
202105060954,1784.1,1784.1,1783.6,1783.7,1784.5,1784.5,1784,1784.1
202105060955,1783.7,1783.7,1783.1,1783.2,1784.1,1784.1,1783.5,1783.6
202105060956,1783.2,1783.5,1783.2,1783.3,1783.6,1783.9,1783.6,1783.7
202105060957,1783.3,1783.3,1783.1,1783.3,1783.7,1783.7,1783.5,1783.7
202105060958,1783.3,1783.3,1783.1,1783.1,1783.7,1783.7,1783.5,1783.5
202105060959,1783.1,1783.6,1783,1783.3,1783.5,1784,1783.4,1783.7
202105061000,1783.3,1783.3,1781.9,1782.3,1783.7,1783.7,1782.3,1782.7
202105061001,1782.3,1782.9,1781.9,1782.8,1782.7,1783.3,1782.3,1783.2
202105061002,1782.8,1784.1,1782.8,1783.8,1783.2,1784.5,1783.2,1784.2
202105061003,1783.8,1784.3,1783.4,1783.6,1784.2,1784.7,1783.8,1784
202105061004,1783.6,1784.1,1783.4,1783.5,1784,1784.5,1783.8,1783.9
202105061005,1783.5,1784.8,1783.5,1784.5,1783.9,1785.2,1783.9,1784.9
202105061006,1784.5,1784.8,1784.1,1784.2,1784.9,1785.2,1784.5,1784.6
202105061007,1784.2,1784.8,1784,1784.7,1784.6,1785.2,1784.4,1785.1
202105061008,1784.7,1784.9,1784.4,1784.6,1785.1,1785.3,1784.8,1785
202105061009,1784.6,1784.9,1784,1784.9,1785,1785.3,1784.4,1785.3
202105061010,1784.9,1785.3,1784.4,1784.7,1785.3,1785.7,1784.8,1785.1
202105061011,1784.7,1785.2,1784.7,1785.2,1785.1,1785.6,1785.1,1785.6
202105061012,1785.2,1785.2,1784.8,1785.1,1785.6,1785.6,1785.2,1785.5
202105061013,1785.2,1785.3,1784.9,1785,1785.6,1785.7,1785.3,1785.4
202105061014,1785,1785.1,1784.3,1784.6,1785.4,1785.5,1784.7,1785
202105061015,1784.6,1785.5,1784.6,1785.5,1785,1785.9,1785,1785.9
202105061016,1785.5,1785.8,1784.8,1785.1,1785.9,1786.2,1785.2,1785.5
202105061017,1785.1,1785.7,1785,1785.2,1785.5,1786.1,1785.4,1785.6
202105061018,1785.2,1785.5,1784.9,1785.5,1785.6,1785.9,1785.3,1785.9
202105061019,1785.5,1785.8,1785.4,1785.6,1785.9,1786.2,1785.8,1786
202105061020,1785.6,1785.8,1785.3,1785.4,1786,1786.2,1785.7,1785.8
202105061021,1785.4,1786.3,1785.4,1786.3,1785.8,1786.7,1785.8,1786.7
202105061022,1786.3,1786.3,1785.3,1785.4,1786.7,1786.7,1785.7,1785.8
202105061023,1785.4,1786.6,1785.4,1786.5,1785.8,1787,1785.8,1786.9
202105061024,1786.5,1786.9,1786.3,1786.4,1786.9,1787.3,1786.7,1786.8
202105061025,1786.4,1786.4,1786.2,1786.3,1786.8,1786.8,1786.6,1786.7
202105061026,1786.3,1786.3,1785.2,1785.4,1786.7,1786.7,1785.6,1785.8
202105061027,1785.3,1785.4,1784.3,1784.6,1785.7,1785.8,1784.7,1785
202105061028,1784.6,1785.1,1784.6,1784.9,1785,1785.5,1785,1785.3
202105061029,1784.9,1785.3,1784.7,1785.3,1785.3,1785.7,1785.1,1785.7
202105061030,1785.3,1785.3,1784.9,1785.1,1785.7,1785.7,1785.3,1785.5
202105061031,1785.1,1785.4,1784.8,1785.1,1785.5,1785.8,1785.2,1785.5
202105061032,1785.2,1785.9,1784.9,1785.8,1785.6,1786.3,1785.3,1786.2
202105061033,1785.8,1785.9,1785.3,1785.3,1786.2,1786.3,1785.7,1785.7
202105061034,1785.3,1785.3,1784.9,1785.1,1785.7,1785.7,1785.3,1785.5
202105061035,1785.2,1786,1785.1,1785.7,1785.6,1786.4,1785.5,1786.1
202105061036,1785.7,1785.8,1785.5,1785.5,1786.1,1786.2,1785.9,1785.9
202105061037,1785.5,1785.7,1785.4,1785.6,1785.9,1786.1,1785.8,1786
202105061038,1785.6,1786.4,1785.5,1786.3,1786,1786.8,1785.9,1786.7
202105061039,1786.3,1786.4,1786,1786.2,1786.7,1786.8,1786.4,1786.6
202105061040,1786.2,1786.3,1785.7,1785.9,1786.6,1786.7,1786.1,1786.3
202105061041,1785.9,1786.3,1785.9,1786.1,1786.3,1786.7,1786.3,1786.5
202105061042,1786.1,1786.3,1786.1,1786.3,1786.5,1786.7,1786.5,1786.7
202105061043,1786.3,1786.6,1786.3,1786.4,1786.7,1787,1786.7,1786.8
202105061044,1786.4,1786.7,1786.2,1786.7,1786.8,1787.1,1786.6,1787.1
202105061045,1786.7,1786.7,1786.4,1786.7,1787.1,1787.1,1786.8,1787.1
202105061046,1786.7,1786.8,1786.4,1786.6,1787.1,1787.2,1786.8,1787
202105061047,1786.6,1786.8,1786.4,1786.8,1787,1787.2,1786.8,1787.2
202105061048,1786.7,1786.8,1786.4,1786.6,1787.1,1787.2,1786.8,1787
202105061049,1786.6,1786.7,1786.1,1786.4,1787,1787.1,1786.5,1786.8
202105061050,1786.4,1786.8,1786.4,1786.6,1786.8,1787.2,1786.8,1787
202105061051,1786.7,1786.7,1786.5,1786.5,1787.1,1787.1,1786.9,1786.9
202105061052,1786.6,1787.2,1786.6,1787.2,1787,1787.6,1787,1787.6
202105061053,1787.2,1787.2,1787,1787,1787.6,1787.6,1787.4,1787.4
202105061054,1787,1787.2,1786.9,1787.2,1787.4,1787.6,1787.3,1787.6
202105061055,1787.2,1787.2,1786.5,1786.5,1787.6,1787.6,1786.9,1786.9
202105061056,1786.5,1786.6,1786.1,1786.1,1786.9,1787,1786.5,1786.5
202105061057,1786.1,1786.9,1786.1,1786.6,1786.5,1787.3,1786.5,1787
202105061058,1786.6,1786.7,1786.4,1786.4,1787,1787.1,1786.8,1786.8
202105061059,1786.4,1786.6,1786.4,1786.6,1786.8,1787,1786.8,1787
202105061100,1786.6,1787,1786.5,1786.7,1787,1787.4,1786.9,1787.1
202105061101,1786.7,1786.7,1786.4,1786.5,1787.1,1787.1,1786.8,1786.9
202105061102,1786.5,1786.9,1786.4,1786.8,1786.9,1787.3,1786.8,1787.2
202105061103,1786.8,1786.9,1786.6,1786.7,1787.2,1787.3,1787,1787.1
202105061104,1786.7,1786.8,1786.4,1786.4,1787.1,1787.2,1786.8,1786.8
202105061105,1786.4,1786.8,1786.3,1786.6,1786.8,1787.2,1786.7,1787
202105061106,1786.6,1786.8,1786.5,1786.5,1787,1787.2,1786.9,1786.9
202105061107,1786.5,1786.5,1786.3,1786.3,1786.9,1786.9,1786.7,1786.7
202105061108,1786.2,1786.4,1785.7,1786.1,1786.6,1786.8,1786.1,1786.5
202105061109,1786.2,1786.2,1786,1786.1,1786.6,1786.6,1786.4,1786.5
202105061110,1786.1,1786.5,1786,1786.4,1786.5,1786.9,1786.4,1786.8
202105061111,1786.4,1786.7,1786.4,1786.7,1786.8,1787.1,1786.8,1787.1
202105061112,1786.7,1786.8,1786.4,1786.4,1787.1,1787.2,1786.8,1786.8
202105061113,1786.4,1786.7,1786.4,1786.5,1786.8,1787.1,1786.8,1786.9
202105061114,1786.4,1786.7,1786.3,1786.6,1786.8,1787.1,1786.7,1787
202105061115,1786.7,1786.7,1786.2,1786.3,1787.1,1787.1,1786.6,1786.7
202105061116,1786.3,1786.5,1786.2,1786.4,1786.7,1786.9,1786.6,1786.8
202105061117,1786.4,1786.6,1786.4,1786.6,1786.8,1787,1786.8,1787
202105061118,1786.6,1786.6,1786,1786.2,1787,1787,1786.4,1786.6
202105061119,1786.2,1786.3,1786,1786,1786.6,1786.7,1786.4,1786.4
202105061120,1786,1786,1785.8,1785.8,1786.4,1786.4,1786.2,1786.2
202105061121,1785.8,1785.9,1785.7,1785.8,1786.2,1786.3,1786.1,1786.2
202105061122,1785.7,1785.9,1785.6,1785.9,1786.1,1786.3,1786,1786.3
202105061123,1785.9,1786,1785.8,1785.9,1786.3,1786.4,1786.2,1786.3
202105061124,1785.9,1785.9,1785.6,1785.7,1786.3,1786.3,1786,1786.1
202105061125,1785.7,1785.9,1785.5,1785.9,1786.1,1786.3,1785.9,1786.3
202105061126,1785.9,1786,1785.8,1785.9,1786.3,1786.4,1786.2,1786.3
202105061127,1786,1786,1785.9,1786,1786.4,1786.4,1786.3,1786.4
202105061128,1786,1786.1,1785.9,1786,1786.4,1786.5,1786.3,1786.4
202105061129,1786,1786.5,1786,1786.5,1786.4,1786.9,1786.4,1786.9
202105061130,1786.5,1787.3,1786.3,1787.3,1786.9,1787.7,1786.7,1787.7
202105061131,1787.3,1787.6,1787.2,1787.4,1787.7,1788,1787.6,1787.8
202105061132,1787.4,1787.5,1787.2,1787.4,1787.8,1787.9,1787.6,1787.8
202105061133,1787.4,1787.9,1787.4,1787.7,1787.8,1788.3,1787.8,1788.1
202105061134,1787.7,1788.6,1787.7,1788.5,1788.1,1789,1788.1,1788.9
202105061135,1788.5,1788.9,1788.2,1788.2,1788.9,1789.3,1788.6,1788.6
202105061136,1788.2,1788.7,1788.2,1788.6,1788.6,1789.1,1788.6,1789
202105061137,1788.6,1788.9,1788.5,1788.5,1789,1789.3,1788.9,1788.9
202105061138,1788.5,1788.7,1788.2,1788.3,1788.9,1789.1,1788.6,1788.7
202105061139,1788.3,1788.8,1788.3,1788.6,1788.7,1789.2,1788.7,1789
202105061140,1788.6,1789,1788.3,1788.9,1789,1789.4,1788.7,1789.3
202105061141,1788.9,1789,1788.6,1788.7,1789.3,1789.4,1789,1789.1
202105061142,1788.7,1789.1,1788.3,1789.1,1789.1,1789.5,1788.7,1789.5
202105061143,1789.1,1789.1,1788.6,1788.6,1789.5,1789.5,1789,1789
202105061144,1788.6,1788.9,1788.5,1788.7,1789,1789.3,1788.9,1789.1
202105061145,1788.7,1788.9,1788.2,1788.2,1789.1,1789.3,1788.6,1788.6
202105061146,1788.2,1788.2,1787.7,1787.9,1788.6,1788.6,1788.1,1788.3
202105061147,1787.9,1788.1,1787.3,1787.4,1788.3,1788.5,1787.7,1787.8
202105061148,1787.4,1787.4,1786.8,1787.1,1787.8,1787.8,1787.2,1787.5
202105061149,1787.1,1787.2,1786.7,1787.1,1787.5,1787.6,1787.1,1787.5
202105061150,1787.1,1787.2,1786.9,1786.9,1787.5,1787.6,1787.3,1787.3
202105061151,1786.9,1787.1,1786.5,1786.8,1787.3,1787.5,1786.9,1787.2
202105061152,1786.7,1787,1786.6,1787,1787.1,1787.4,1787,1787.4
202105061153,1786.9,1787.1,1786.8,1787,1787.3,1787.5,1787.2,1787.4
202105061154,1786.9,1787.8,1786.9,1787.6,1787.3,1788.2,1787.3,1788
202105061155,1787.6,1788.5,1787.6,1788.3,1788,1788.9,1788,1788.7
202105061156,1788.3,1789.1,1788.3,1789.1,1788.7,1789.5,1788.7,1789.5
202105061157,1789.1,1789.3,1788.8,1788.8,1789.5,1789.7,1789.2,1789.2
202105061158,1788.8,1789.3,1788.8,1789.2,1789.2,1789.7,1789.2,1789.6
202105061159,1789.2,1789.8,1789.1,1789.8,1789.6,1790.2,1789.5,1790.2
202105061200,1789.8,1789.9,1789.3,1789.4,1790.2,1790.3,1789.7,1789.8
202105061201,1789.4,1789.5,1789.1,1789.1,1789.8,1789.9,1789.5,1789.5
202105061202,1789.1,1789.8,1788.9,1789.7,1789.5,1790.2,1789.3,1790.1
202105061203,1789.7,1789.7,1789.4,1789.5,1790.1,1790.1,1789.8,1789.9
202105061204,1789.5,1789.8,1789,1789,1789.9,1790.2,1789.4,1789.4
202105061205,1789,1789.3,1788.9,1789.2,1789.4,1789.7,1789.3,1789.6
202105061206,1789.2,1789.4,1788.6,1788.6,1789.6,1789.8,1789,1789
202105061207,1788.7,1788.8,1788.5,1788.6,1789.1,1789.2,1788.9,1789
202105061208,1788.6,1789,1788.5,1788.7,1789,1789.4,1788.9,1789.1
202105061209,1788.7,1789.6,1788.7,1789.3,1789.1,1790,1789.1,1789.7
202105061210,1789.3,1789.5,1788.7,1788.7,1789.7,1789.9,1789.1,1789.1
202105061211,1788.8,1789.3,1788.7,1789.3,1789.2,1789.7,1789.1,1789.7
202105061212,1789.3,1789.3,1789,1789.2,1789.7,1789.7,1789.4,1789.6
202105061213,1789.2,1789.8,1789.2,1789.7,1789.6,1790.2,1789.6,1790.1
202105061214,1789.7,1790,1789.7,1789.7,1790.1,1790.4,1790.1,1790.1
202105061215,1789.7,1789.9,1789.5,1789.5,1790.1,1790.3,1789.9,1789.9
202105061216,1789.5,1789.6,1789.2,1789.3,1789.9,1790,1789.6,1789.7
202105061217,1789.3,1789.4,1789.2,1789.3,1789.7,1789.8,1789.6,1789.7
202105061218,1789.3,1789.4,1789.2,1789.3,1789.7,1789.8,1789.6,1789.7
202105061219,1789.3,1789.8,1789.3,1789.8,1789.7,1790.2,1789.7,1790.2
202105061220,1789.8,1789.9,1789.5,1789.7,1790.2,1790.3,1789.9,1790.1
202105061221,1789.7,1789.9,1789.4,1789.8,1790.1,1790.3,1789.8,1790.2
202105061222,1789.8,1789.9,1789.4,1789.5,1790.2,1790.3,1789.8,1789.9
202105061223,1789.5,1789.7,1789.4,1789.6,1789.9,1790.1,1789.8,1790
202105061224,1789.5,1789.5,1789.2,1789.3,1789.9,1789.9,1789.6,1789.7
202105061225,1789.3,1789.4,1789.2,1789.2,1789.7,1789.8,1789.6,1789.6
202105061226,1789.2,1789.4,1789.1,1789.4,1789.6,1789.8,1789.5,1789.8
202105061227,1789.4,1789.6,1789.3,1789.4,1789.8,1790,1789.7,1789.8
202105061228,1789.4,1789.4,1789.1,1789.2,1789.8,1789.8,1789.5,1789.6
202105061229,1789.2,1789.7,1789.1,1789.7,1789.6,1790.1,1789.5,1790.1
202105061230,1789.6,1789.8,1789.5,1789.5,1790,1790.2,1789.9,1789.9
202105061231,1789.4,1789.4,1789.2,1789.4,1789.8,1789.8,1789.6,1789.8
202105061232,1789.4,1789.4,1789,1789.1,1789.8,1789.8,1789.4,1789.5
202105061233,1789.1,1789.3,1789,1789.3,1789.5,1789.7,1789.4,1789.7
202105061234,1789.3,1789.4,1789.2,1789.2,1789.7,1789.8,1789.6,1789.6
202105061235,1789.2,1789.3,1789.1,1789.2,1789.6,1789.7,1789.5,1789.6
202105061236,1789.2,1789.4,1789.2,1789.4,1789.6,1789.8,1789.6,1789.8
202105061237,1789.4,1789.4,1789.2,1789.3,1789.8,1789.8,1789.6,1789.7
202105061238,1789.3,1789.4,1789.2,1789.3,1789.7,1789.8,1789.6,1789.7
202105061239,1789.3,1789.3,1789.1,1789.3,1789.7,1789.7,1789.5,1789.7
202105061240,1789.3,1789.3,1789.2,1789.3,1789.7,1789.7,1789.6,1789.7
202105061241,1789.3,1789.5,1789.3,1789.5,1789.7,1789.9,1789.7,1789.9
202105061242,1789.5,1789.5,1789.4,1789.5,1789.9,1789.9,1789.8,1789.9
202105061243,1789.5,1789.7,1789.5,1789.7,1789.9,1790.1,1789.9,1790.1
202105061244,1789.7,1789.9,1789.7,1789.8,1790.1,1790.3,1790.1,1790.2
202105061245,1789.8,1789.9,1789.7,1789.9,1790.2,1790.3,1790.1,1790.3
202105061246,1789.8,1790,1789.5,1789.9,1790.2,1790.4,1789.9,1790.3
202105061247,1789.9,1790,1789.6,1789.6,1790.3,1790.4,1790,1790
202105061248,1789.6,1789.6,1789.5,1789.6,1790,1790,1789.9,1790
202105061249,1789.5,1789.7,1789.5,1789.6,1789.9,1790.1,1789.9,1790
202105061250,1789.6,1789.8,1789.4,1789.5,1790,1790.2,1789.8,1789.9
202105061251,1789.5,1789.6,1789.4,1789.6,1789.9,1790,1789.8,1790
202105061252,1789.6,1789.9,1789.6,1789.8,1790,1790.3,1790,1790.2
202105061253,1789.8,1789.8,1789.7,1789.8,1790.2,1790.2,1790.1,1790.2
202105061254,1789.7,1789.8,1789.7,1789.7,1790.1,1790.2,1790.1,1790.1
202105061255,1789.8,1789.8,1789.6,1789.6,1790.2,1790.2,1790,1790
202105061256,1789.6,1789.6,1789.4,1789.4,1790,1790,1789.8,1789.8
202105061257,1789.4,1789.6,1789.4,1789.6,1789.8,1790,1789.8,1790
202105061258,1789.6,1789.7,1789.6,1789.6,1790,1790.1,1790,1790
202105061259,1789.6,1789.6,1789.6,1789.6,1790,1790,1790,1790
202105061300,1789.6,1789.7,1789.6,1789.6,1790,1790.1,1790,1790
202105061301,1789.6,1789.7,1789.5,1789.5,1790,1790.1,1789.9,1789.9
202105061302,1789.5,1789.5,1789.3,1789.3,1789.9,1789.9,1789.7,1789.7
202105061303,1789.4,1789.6,1789.1,1789.3,1789.8,1790,1789.5,1789.7
202105061304,1789.2,1789.2,1789,1789,1789.6,1789.6,1789.4,1789.4
202105061305,1788.9,1788.9,1788.3,1788.3,1789.3,1789.3,1788.7,1788.7
202105061306,1788.3,1788.5,1788.1,1788.4,1788.7,1788.9,1788.5,1788.8
202105061307,1788.4,1788.4,1788.2,1788.3,1788.8,1788.8,1788.6,1788.7
202105061308,1788.3,1788.3,1787.9,1787.9,1788.7,1788.7,1788.3,1788.3
202105061309,1787.9,1788.1,1787.7,1788,1788.3,1788.5,1788.1,1788.4
202105061310,1788,1788.1,1787.9,1788,1788.4,1788.5,1788.3,1788.4
202105061311,1788,1788.1,1787.9,1788.1,1788.4,1788.5,1788.3,1788.5
202105061312,1788.1,1788.1,1788,1788.1,1788.5,1788.5,1788.4,1788.5
202105061313,1788,1788.3,1788,1788.3,1788.4,1788.7,1788.4,1788.7
202105061314,1788.3,1788.3,1788.1,1788.2,1788.7,1788.7,1788.5,1788.6
202105061315,1788.2,1788.2,1788,1788.1,1788.6,1788.6,1788.4,1788.5
202105061316,1788.1,1788.2,1788.1,1788.2,1788.5,1788.6,1788.5,1788.6
202105061317,1788.2,1788.3,1788.1,1788.2,1788.6,1788.7,1788.5,1788.6
202105061318,1788.2,1788.4,1788.1,1788.4,1788.6,1788.8,1788.5,1788.8
202105061319,1788.4,1788.4,1788,1788.2,1788.8,1788.8,1788.4,1788.6
202105061320,1788.2,1788.3,1788.2,1788.2,1788.6,1788.7,1788.6,1788.6
202105061321,1788.2,1788.2,1788,1788,1788.6,1788.6,1788.4,1788.4
202105061322,1788,1788.2,1788,1788.1,1788.4,1788.6,1788.4,1788.5
202105061323,1788.1,1788.2,1788,1788.2,1788.5,1788.6,1788.4,1788.6
202105061324,1788.2,1788.2,1788.1,1788.2,1788.6,1788.6,1788.5,1788.6
202105061325,1788.2,1788.2,1788,1788.2,1788.6,1788.6,1788.4,1788.6
202105061326,1788.2,1788.2,1788.1,1788.2,1788.6,1788.6,1788.5,1788.6
202105061327,1788.2,1788.2,1788.1,1788.2,1788.6,1788.6,1788.5,1788.6
202105061328,1788.2,1788.3,1788.2,1788.3,1788.6,1788.7,1788.6,1788.7
202105061329,1788.3,1788.3,1788.3,1788.3,1788.7,1788.7,1788.7,1788.7
202105061330,1788.3,1788.3,1788.3,1788.3,1788.7,1788.7,1788.7,1788.7
202105061331,1788.3,1788.3,1788.2,1788.2,1788.7,1788.7,1788.6,1788.6
202105061332,1788.2,1788.3,1788.2,1788.2,1788.6,1788.7,1788.6,1788.6
202105061333,1788.2,1788.5,1788.2,1788.5,1788.6,1788.9,1788.6,1788.9
202105061334,1788.5,1788.7,1788.5,1788.6,1788.9,1789.1,1788.9,1789
202105061335,1788.6,1788.7,1788.5,1788.5,1789,1789.1,1788.9,1788.9
202105061336,1788.5,1788.5,1788.3,1788.3,1788.9,1788.9,1788.7,1788.7
202105061337,1788.3,1788.5,1788.2,1788.2,1788.7,1788.9,1788.6,1788.6
202105061338,1788.2,1788.2,1788.2,1788.2,1788.6,1788.6,1788.6,1788.6
202105061339,1788.2,1788.3,1788.2,1788.3,1788.6,1788.7,1788.6,1788.7
202105061340,1788.3,1788.3,1788.2,1788.3,1788.7,1788.7,1788.6,1788.7
202105061341,1788.3,1788.3,1788.2,1788.3,1788.7,1788.7,1788.6,1788.7
202105061342,1788.3,1788.7,1788.3,1788.7,1788.7,1789.1,1788.7,1789.1
202105061343,1788.7,1788.7,1788.4,1788.4,1789.1,1789.1,1788.8,1788.8
202105061344,1788.3,1788.4,1788.3,1788.4,1788.7,1788.8,1788.7,1788.8
202105061345,1788.4,1788.5,1788.3,1788.5,1788.8,1788.9,1788.7,1788.9
202105061346,1788.4,1788.4,1788.2,1788.2,1788.8,1788.8,1788.6,1788.6
202105061347,1788.2,1788.4,1788.1,1788.3,1788.6,1788.8,1788.5,1788.7
202105061348,1788.3,1788.3,1788.1,1788.2,1788.7,1788.7,1788.5,1788.6
202105061349,1788.1,1788.2,1788.1,1788.1,1788.5,1788.6,1788.5,1788.5
202105061350,1788.1,1788.3,1788.1,1788.3,1788.5,1788.7,1788.5,1788.7
202105061351,1788.3,1788.4,1788.3,1788.4,1788.7,1788.8,1788.7,1788.8
202105061352,1788.4,1788.4,1788.3,1788.4,1788.8,1788.8,1788.7,1788.8
202105061353,1788.4,1788.4,1788.3,1788.3,1788.8,1788.8,1788.7,1788.7
202105061354,1788.3,1788.4,1788.2,1788.4,1788.7,1788.8,1788.6,1788.8
202105061355,1788.4,1788.6,1788.3,1788.5,1788.8,1789,1788.7,1788.9
202105061356,1788.5,1788.7,1788.5,1788.7,1788.9,1789.1,1788.9,1789.1
202105061357,1788.7,1788.7,1788.5,1788.5,1789.1,1789.1,1788.9,1788.9
202105061358,1788.5,1788.5,1788.4,1788.4,1788.9,1788.9,1788.8,1788.8
202105061359,1788.4,1788.5,1788.3,1788.5,1788.8,1788.9,1788.7,1788.9
202105061400,1788.4,1788.5,1788.4,1788.5,1788.8,1788.9,1788.8,1788.9
202105061401,1788.5,1788.7,1788.4,1788.6,1788.9,1789.1,1788.8,1789
202105061402,1788.6,1788.7,1788.6,1788.7,1789,1789.1,1789,1789.1
202105061403,1788.7,1789.2,1788.7,1789.2,1789.1,1789.6,1789.1,1789.6
202105061404,1789.2,1789.4,1789,1789.1,1789.6,1789.8,1789.4,1789.5
202105061405,1789.1,1789.2,1789,1789.1,1789.5,1789.6,1789.4,1789.5
202105061406,1789.1,1789.2,1789,1789.2,1789.5,1789.6,1789.4,1789.6
202105061407,1789.2,1789.5,1789.2,1789.5,1789.6,1789.9,1789.6,1789.9
202105061408,1789.5,1789.6,1789.2,1789.2,1789.9,1790,1789.6,1789.6
202105061409,1789.2,1789.3,1789.2,1789.2,1789.6,1789.7,1789.6,1789.6
202105061410,1789.2,1789.3,1788.9,1788.9,1789.6,1789.7,1789.3,1789.3
202105061411,1788.9,1788.9,1788.8,1788.9,1789.3,1789.3,1789.2,1789.3
202105061412,1788.9,1788.9,1788.8,1788.8,1789.3,1789.3,1789.2,1789.2
202105061413,1788.8,1789.1,1788.8,1789,1789.2,1789.5,1789.2,1789.4
202105061414,1789,1789,1788.7,1788.7,1789.4,1789.4,1789.1,1789.1
202105061415,1788.7,1789,1788.4,1788.9,1789.1,1789.4,1788.8,1789.3
202105061416,1788.9,1789.5,1788.9,1789.5,1789.3,1789.9,1789.3,1789.9
202105061417,1789.5,1790.1,1789.5,1790,1789.9,1790.5,1789.9,1790.4
202105061418,1790,1790.1,1789.6,1790,1790.4,1790.5,1790,1790.4
202105061419,1790,1790.1,1789.7,1789.8,1790.4,1790.5,1790.1,1790.2
202105061420,1789.8,1789.9,1789.7,1789.9,1790.2,1790.3,1790.1,1790.3
202105061421,1789.9,1789.9,1789.8,1789.8,1790.3,1790.3,1790.2,1790.2
202105061422,1789.8,1790,1789.7,1789.9,1790.2,1790.4,1790.1,1790.3
202105061423,1789.9,1789.9,1789.7,1789.7,1790.3,1790.3,1790.1,1790.1
202105061424,1789.7,1789.8,1789.5,1789.5,1790.1,1790.2,1789.9,1789.9
202105061425,1789.5,1789.8,1789.5,1789.8,1789.9,1790.2,1789.9,1790.2
202105061426,1789.8,1790,1789.8,1790,1790.2,1790.4,1790.2,1790.4
202105061427,1790,1790.2,1789.9,1790.1,1790.4,1790.6,1790.3,1790.5
202105061428,1790.1,1790.3,1790.1,1790.2,1790.5,1790.7,1790.5,1790.6
202105061429,1790.3,1790.3,1790.2,1790.3,1790.7,1790.7,1790.6,1790.7
202105061430,1790.3,1790.6,1790.2,1790.4,1790.7,1791,1790.6,1790.8
202105061431,1790.4,1790.6,1790,1790,1790.8,1791,1790.4,1790.4
202105061432,1790,1790.5,1790,1790.4,1790.4,1790.9,1790.4,1790.8
202105061433,1790.4,1790.6,1790.3,1790.4,1790.8,1791,1790.7,1790.8
202105061434,1790.4,1790.4,1790.1,1790.1,1790.8,1790.8,1790.5,1790.5
202105061435,1790.1,1790.1,1789.7,1790,1790.5,1790.5,1790.1,1790.4
202105061436,1790,1790.3,1790,1790.2,1790.4,1790.7,1790.4,1790.6
202105061437,1790.2,1790.2,1789.8,1790,1790.6,1790.6,1790.2,1790.4
202105061438,1790,1790.6,1790,1790.6,1790.4,1791,1790.4,1791
202105061439,1790.5,1790.6,1790.4,1790.5,1790.9,1791,1790.8,1790.9
202105061440,1790.5,1790.5,1789.9,1789.9,1790.9,1790.9,1790.3,1790.3
202105061441,1789.9,1790.4,1789.8,1790.3,1790.3,1790.8,1790.2,1790.7
202105061442,1790.3,1790.7,1790.3,1790.4,1790.7,1791.1,1790.7,1790.8
202105061443,1790.4,1791.2,1790.3,1791.1,1790.8,1791.6,1790.7,1791.5
202105061444,1791.1,1791.2,1790.8,1791.1,1791.5,1791.6,1791.2,1791.5
202105061445,1791.2,1791.5,1791,1791.5,1791.6,1791.9,1791.4,1791.9
202105061446,1791.5,1791.5,1790.8,1790.9,1791.9,1791.9,1791.2,1791.3
202105061447,1790.9,1791.1,1790.7,1790.9,1791.3,1791.5,1791.1,1791.3
202105061448,1790.9,1791.4,1790.9,1791.2,1791.3,1791.8,1791.3,1791.6
202105061449,1791.2,1791.2,1791,1791.2,1791.6,1791.6,1791.4,1791.6
202105061450,1791.2,1791.3,1791,1791.2,1791.6,1791.7,1791.4,1791.6
202105061451,1791.2,1791.6,1791.2,1791.5,1791.6,1792,1791.6,1791.9
202105061452,1791.5,1791.9,1791.4,1791.4,1791.9,1792.3,1791.8,1791.8
202105061453,1791.4,1791.8,1791.4,1791.4,1791.8,1792.2,1791.8,1791.8
202105061454,1791.4,1791.6,1791.4,1791.6,1791.8,1792,1791.8,1792
202105061455,1791.6,1791.9,1791.6,1791.8,1792,1792.3,1792,1792.2
202105061456,1791.8,1792.2,1791.7,1792.1,1792.2,1792.6,1792.1,1792.5
202105061457,1792.1,1792.2,1792,1792.2,1792.5,1792.6,1792.4,1792.6
202105061458,1792.2,1792.2,1791.9,1792,1792.6,1792.6,1792.3,1792.4
202105061459,1792,1792,1791.5,1792,1792.4,1792.4,1791.9,1792.4
202105061500,1792,1792.2,1791.8,1792,1792.4,1792.6,1792.2,1792.4
202105061501,1792,1792.3,1792,1792.2,1792.4,1792.7,1792.4,1792.6
202105061502,1792.2,1792.3,1791.9,1792,1792.6,1792.7,1792.3,1792.4
202105061503,1792,1792.2,1791.9,1792.2,1792.4,1792.6,1792.3,1792.6
202105061504,1792.2,1792.7,1792.2,1792.3,1792.6,1793.1,1792.6,1792.7
202105061505,1792.3,1792.6,1792.3,1792.6,1792.7,1793,1792.7,1793
202105061506,1792.6,1792.7,1792.2,1792.2,1793,1793.1,1792.6,1792.6
202105061507,1792.2,1792.7,1792.2,1792.7,1792.6,1793.1,1792.6,1793.1
202105061508,1792.7,1792.8,1792.5,1792.7,1793.1,1793.2,1792.9,1793.1
202105061509,1792.7,1792.7,1792.2,1792.2,1793.1,1793.1,1792.6,1792.6
202105061510,1792.2,1792.5,1792,1792.5,1792.6,1792.9,1792.4,1792.9
202105061511,1792.5,1792.6,1792,1792.3,1792.9,1793,1792.4,1792.7
202105061512,1792.3,1792.6,1792.3,1792.5,1792.7,1793,1792.7,1792.9
202105061513,1792.5,1793.1,1792.5,1792.9,1792.9,1793.5,1792.9,1793.3
202105061514,1792.9,1792.9,1791.9,1791.9,1793.3,1793.3,1792.3,1792.3
202105061515,1792,1792,1791.7,1791.8,1792.4,1792.4,1792.1,1792.2
202105061516,1791.8,1791.9,1791.8,1791.9,1792.2,1792.3,1792.2,1792.3
202105061517,1791.9,1791.9,1791.8,1791.8,1792.3,1792.3,1792.2,1792.2
202105061518,1791.8,1791.8,1791.2,1791.4,1792.2,1792.2,1791.6,1791.8
202105061519,1791.4,1791.4,1790.8,1791.1,1791.8,1791.8,1791.2,1791.5
202105061520,1791.1,1791.2,1790.9,1791,1791.5,1791.6,1791.3,1791.4
202105061521,1791.1,1791.2,1790.9,1790.9,1791.5,1791.6,1791.3,1791.3
202105061522,1790.9,1791.1,1790.7,1791,1791.3,1791.5,1791.1,1791.4
202105061523,1791,1791.1,1790.9,1791,1791.4,1791.5,1791.3,1791.4
202105061524,1791,1791.2,1790.6,1790.7,1791.4,1791.6,1791,1791.1
202105061525,1790.7,1791.2,1790.7,1791,1791.1,1791.6,1791.1,1791.4
202105061526,1791,1791.4,1791,1791.4,1791.4,1791.8,1791.4,1791.8
202105061527,1791.4,1792,1791.3,1792,1791.8,1792.4,1791.7,1792.4
202105061528,1792,1792.4,1792,1792.2,1792.4,1792.8,1792.4,1792.6
202105061529,1792.2,1792.2,1791.9,1791.9,1792.6,1792.6,1792.3,1792.3
202105061530,1791.9,1792.6,1791.9,1792.6,1792.3,1793,1792.3,1793
202105061531,1792.6,1793.1,1792.6,1793,1793,1793.5,1793,1793.4
202105061532,1793,1793.1,1792.8,1793.1,1793.4,1793.5,1793.2,1793.5
202105061533,1793.1,1793.4,1793.1,1793.3,1793.5,1793.8,1793.5,1793.7
202105061534,1793.3,1793.5,1793.1,1793.2,1793.7,1793.9,1793.5,1793.6
202105061535,1793.2,1793.5,1793.1,1793.5,1793.6,1793.9,1793.5,1793.9
202105061536,1793.5,1793.9,1793.5,1793.9,1793.9,1794.3,1793.9,1794.3
202105061537,1793.9,1794.2,1793.9,1794.1,1794.3,1794.6,1794.3,1794.5
202105061538,1794.1,1794.1,1793.7,1793.9,1794.5,1794.5,1794.1,1794.3
202105061539,1793.9,1794.2,1793.9,1794,1794.3,1794.6,1794.3,1794.4
202105061540,1794,1794.2,1794,1794.2,1794.4,1794.6,1794.4,1794.6
202105061541,1794.2,1794.6,1794.2,1794.5,1794.6,1795,1794.6,1794.9
202105061542,1794.5,1794.8,1794.4,1794.7,1794.9,1795.2,1794.8,1795.1
202105061543,1794.8,1794.8,1794.3,1794.3,1795.2,1795.2,1794.7,1794.7
202105061544,1794.3,1794.5,1794.1,1794.1,1794.7,1794.9,1794.5,1794.5
202105061545,1794.1,1794.5,1794,1794.1,1794.5,1794.9,1794.4,1794.5
202105061546,1794.1,1794.3,1794,1794.2,1794.5,1794.7,1794.4,1794.6
202105061547,1794.2,1794.4,1794.1,1794.2,1794.6,1794.8,1794.5,1794.6
202105061548,1794.2,1794.7,1794.2,1794.6,1794.6,1795.1,1794.6,1795
202105061549,1794.6,1794.8,1794.4,1794.4,1795,1795.2,1794.8,1794.8
202105061550,1794.4,1794.7,1794.4,1794.6,1794.8,1795.1,1794.8,1795
202105061551,1794.6,1794.7,1794.5,1794.5,1795,1795.1,1794.9,1794.9
202105061552,1794.5,1794.6,1794.2,1794.2,1794.9,1795,1794.6,1794.6
202105061553,1794.2,1794.2,1793.6,1793.8,1794.6,1794.6,1794,1794.2
202105061554,1793.8,1793.8,1793.4,1793.5,1794.2,1794.2,1793.8,1793.9
202105061555,1793.5,1793.7,1793.3,1793.6,1793.9,1794.1,1793.7,1794
202105061556,1793.6,1793.9,1793.4,1793.8,1794,1794.3,1793.8,1794.2
202105061557,1793.8,1793.8,1793.2,1793.3,1794.2,1794.2,1793.6,1793.7
202105061558,1793.3,1793.7,1793.2,1793.3,1793.7,1794.1,1793.6,1793.7
202105061559,1793.3,1793.3,1793.2,1793.3,1793.7,1793.7,1793.6,1793.7
202105061600,1793.3,1794.5,1793.3,1794.1,1793.7,1794.9,1793.7,1794.5
202105061601,1794.1,1794.1,1793.5,1793.7,1794.5,1794.5,1793.9,1794.1
202105061602,1793.7,1794.3,1793.7,1794.2,1794.1,1794.7,1794.1,1794.6
202105061603,1794.3,1794.8,1793.8,1793.8,1794.7,1795.2,1794.2,1794.2
202105061604,1793.8,1794.4,1793.8,1794.3,1794.2,1794.8,1794.2,1794.7
202105061605,1794.3,1795.3,1794,1795.1,1794.7,1795.7,1794.4,1795.5
202105061606,1795.1,1795.3,1794.8,1794.8,1795.5,1795.7,1795.2,1795.2
202105061607,1794.8,1795.2,1794.8,1794.9,1795.2,1795.6,1795.2,1795.3
202105061608,1795,1795.1,1794.6,1794.6,1795.4,1795.5,1795,1795
202105061609,1794.6,1795.4,1794.6,1794.9,1795,1795.8,1795,1795.3
202105061610,1794.9,1795.4,1794.9,1795.3,1795.3,1795.8,1795.3,1795.7
202105061611,1795.3,1795.4,1794.9,1794.9,1795.7,1795.8,1795.3,1795.3
202105061612,1794.9,1794.9,1794.5,1794.5,1795.3,1795.3,1794.9,1794.9
202105061613,1794.5,1795,1794.5,1795,1794.9,1795.4,1794.9,1795.4
202105061614,1795,1795.4,1794.9,1795,1795.4,1795.8,1795.3,1795.4
202105061615,1795,1795,1793.8,1793.8,1795.4,1795.4,1794.2,1794.2
202105061616,1793.8,1793.8,1793.3,1793.3,1794.2,1794.2,1793.7,1793.7
202105061617,1793.3,1793.4,1792.4,1792.5,1793.7,1793.8,1792.8,1792.9
202105061618,1792.5,1792.9,1792.3,1792.5,1792.9,1793.3,1792.7,1792.9
202105061619,1792.5,1793,1792.5,1793,1792.9,1793.4,1792.9,1793.4
202105061620,1793,1793.2,1792.6,1793.1,1793.4,1793.6,1793,1793.5
202105061621,1793.1,1793.6,1792.6,1793.6,1793.5,1794,1793,1794
202105061622,1793.6,1794,1793.6,1793.9,1794,1794.4,1794,1794.3
202105061623,1793.9,1794.1,1793.9,1794,1794.3,1794.5,1794.3,1794.4
202105061624,1794,1794.5,1794,1794.5,1794.4,1794.9,1794.4,1794.9
202105061625,1794.5,1794.5,1793.9,1794,1794.9,1794.9,1794.3,1794.4
202105061626,1793.9,1794.1,1793.6,1793.7,1794.3,1794.5,1794,1794.1
202105061627,1793.7,1794,1793.7,1793.8,1794.1,1794.4,1794.1,1794.2
202105061628,1793.8,1793.9,1793.7,1793.9,1794.2,1794.3,1794.1,1794.3
202105061629,1794,1794.1,1793,1793.5,1794.4,1794.5,1793.4,1793.9
202105061630,1793.5,1793.9,1793.1,1793.2,1793.9,1794.3,1793.5,1793.6
202105061631,1793.2,1793.5,1793.2,1793.3,1793.6,1793.9,1793.6,1793.7
202105061632,1793.3,1793.4,1793.2,1793.2,1793.7,1793.8,1793.6,1793.6
202105061633,1793.2,1793.2,1792.5,1792.5,1793.6,1793.6,1792.9,1792.9
202105061634,1792.5,1792.7,1792.5,1792.6,1792.9,1793.1,1792.9,1793
202105061635,1792.6,1792.8,1792.5,1792.5,1793,1793.2,1792.9,1792.9
202105061636,1792.5,1792.5,1792,1792.1,1792.9,1792.9,1792.4,1792.5
202105061637,1792.1,1792.4,1792.1,1792.3,1792.5,1792.8,1792.5,1792.7
202105061638,1792.3,1793,1792.3,1793,1792.7,1793.4,1792.7,1793.4
202105061639,1793,1793.1,1792.6,1792.6,1793.4,1793.5,1793,1793
202105061640,1792.6,1792.6,1792.2,1792.2,1793,1793,1792.6,1792.6
202105061641,1792.2,1793,1791.9,1792.1,1792.6,1793.4,1792.3,1792.5
202105061642,1792.1,1792.6,1791.8,1792.2,1792.5,1793,1792.2,1792.6
202105061643,1792.2,1792.6,1792.2,1792.6,1792.6,1793,1792.6,1793
202105061644,1792.6,1793.5,1792.6,1793.5,1793,1793.9,1793,1793.9
202105061645,1793.5,1793.5,1792.8,1792.9,1793.9,1793.9,1793.2,1793.3
202105061646,1792.9,1793,1792.5,1792.5,1793.3,1793.4,1792.9,1792.9
202105061647,1792.6,1792.7,1792.5,1792.7,1793,1793.1,1792.9,1793.1
202105061648,1792.7,1792.7,1792.2,1792.2,1793.1,1793.1,1792.6,1792.6
202105061649,1792.2,1792.5,1792.1,1792.2,1792.6,1792.9,1792.5,1792.6
202105061650,1792.2,1792.4,1792.2,1792.4,1792.6,1792.8,1792.6,1792.8
202105061651,1792.3,1792.9,1792.2,1792.8,1792.7,1793.3,1792.6,1793.2
202105061652,1792.8,1792.8,1791.8,1792.1,1793.2,1793.2,1792.2,1792.5
202105061653,1792.1,1792.1,1791.4,1791.9,1792.5,1792.5,1791.8,1792.3
202105061654,1791.9,1792.1,1791.2,1791.3,1792.3,1792.5,1791.6,1791.7
202105061655,1791.3,1791.7,1791.3,1791.7,1791.7,1792.1,1791.7,1792.1
202105061656,1791.7,1791.8,1791.6,1791.7,1792.1,1792.2,1792,1792.1
202105061657,1791.7,1791.9,1791.6,1791.9,1792.1,1792.3,1792,1792.3
202105061658,1791.9,1792.2,1791.8,1791.9,1792.3,1792.6,1792.2,1792.3
202105061659,1791.9,1792,1791.7,1791.7,1792.3,1792.4,1792.1,1792.1
202105061700,1791.7,1791.8,1791.3,1791.7,1792.1,1792.2,1791.7,1792.1
202105061701,1791.7,1791.8,1791.6,1791.8,1792.1,1792.2,1792,1792.2
202105061702,1791.8,1792.4,1791.8,1792.2,1792.2,1792.8,1792.2,1792.6
202105061703,1792.2,1792.3,1791.8,1791.8,1792.6,1792.7,1792.2,1792.2
202105061704,1791.8,1792,1791.7,1792,1792.2,1792.4,1792.1,1792.4
202105061705,1792,1792.1,1791.9,1792,1792.4,1792.5,1792.3,1792.4
202105061706,1791.9,1791.9,1791.4,1791.7,1792.3,1792.3,1791.8,1792.1
202105061707,1791.7,1791.8,1791.5,1791.8,1792.1,1792.2,1791.9,1792.2
202105061708,1791.8,1791.8,1791.7,1791.8,1792.2,1792.2,1792.1,1792.2
202105061709,1791.8,1791.8,1791.5,1791.8,1792.2,1792.2,1791.9,1792.2
202105061710,1791.8,1792.3,1791.7,1791.9,1792.2,1792.7,1792.1,1792.3
202105061711,1791.9,1792,1791.8,1791.9,1792.3,1792.4,1792.2,1792.3
202105061712,1791.9,1792,1791.5,1791.7,1792.3,1792.4,1791.9,1792.1
202105061713,1791.7,1792,1791.7,1792,1792.1,1792.4,1792.1,1792.4
202105061714,1792,1792.2,1792,1792.2,1792.4,1792.6,1792.4,1792.6
202105061715,1792.2,1792.2,1791.9,1792,1792.6,1792.6,1792.3,1792.4
202105061716,1792,1792.1,1791.8,1791.9,1792.4,1792.5,1792.2,1792.3
202105061717,1791.9,1792.5,1791.8,1792.3,1792.3,1792.9,1792.2,1792.7
202105061718,1792.3,1792.7,1792.1,1792.7,1792.7,1793.1,1792.5,1793.1
202105061719,1792.7,1792.9,1792.5,1792.5,1793.1,1793.3,1792.9,1792.9
202105061720,1792.6,1792.7,1792.2,1792.2,1793,1793.1,1792.6,1792.6
202105061721,1792.2,1792.4,1792.2,1792.2,1792.6,1792.8,1792.6,1792.6
202105061722,1792.2,1792.4,1792,1792.1,1792.6,1792.8,1792.4,1792.5
202105061723,1792.1,1792.1,1792,1792,1792.5,1792.5,1792.4,1792.4
202105061724,1792,1792.1,1792,1792.1,1792.4,1792.5,1792.4,1792.5
202105061725,1792.1,1792.4,1792.1,1792.3,1792.5,1792.8,1792.5,1792.7
202105061726,1792.3,1793,1792.3,1792.8,1792.7,1793.4,1792.7,1793.2
202105061727,1792.8,1792.8,1792.6,1792.8,1793.2,1793.2,1793,1793.2
202105061728,1792.8,1792.8,1792.7,1792.8,1793.2,1793.2,1793.1,1793.2
202105061729,1792.8,1792.8,1792.5,1792.6,1793.2,1793.2,1792.9,1793
202105061730,1792.6,1792.6,1792.4,1792.4,1793,1793,1792.8,1792.8
202105061731,1792.4,1792.6,1792.3,1792.4,1792.8,1793,1792.7,1792.8
202105061732,1792.4,1792.7,1792.4,1792.7,1792.8,1793.1,1792.8,1793.1
202105061733,1792.7,1792.9,1792.4,1792.8,1793.1,1793.3,1792.8,1793.2
202105061734,1792.8,1792.8,1792.6,1792.6,1793.2,1793.2,1793,1793
202105061735,1792.6,1792.6,1792.3,1792.4,1793,1793,1792.7,1792.8
202105061736,1792.4,1792.7,1792.3,1792.7,1792.8,1793.1,1792.7,1793.1
202105061737,1792.7,1793.5,1792.7,1793.5,1793.1,1793.9,1793.1,1793.9
202105061738,1793.5,1793.9,1793.4,1793.8,1793.9,1794.3,1793.8,1794.2
202105061739,1793.8,1793.9,1793.5,1793.5,1794.2,1794.3,1793.9,1793.9
202105061740,1793.5,1793.7,1793.5,1793.6,1793.9,1794.1,1793.9,1794
202105061741,1793.6,1793.6,1793.3,1793.6,1794,1794,1793.7,1794
202105061742,1793.6,1793.6,1793.4,1793.5,1794,1794,1793.8,1793.9
202105061743,1793.5,1793.5,1793.3,1793.4,1793.9,1793.9,1793.7,1793.8
202105061744,1793.4,1793.5,1793.3,1793.3,1793.8,1793.9,1793.7,1793.7
202105061745,1793.3,1793.8,1793.3,1793.6,1793.7,1794.2,1793.7,1794
202105061746,1793.6,1793.7,1793.5,1793.6,1794,1794.1,1793.9,1794
202105061747,1793.6,1793.7,1793.3,1793.3,1794,1794.1,1793.7,1793.7
202105061748,1793.3,1793.5,1793.3,1793.4,1793.7,1793.9,1793.7,1793.8
202105061749,1793.4,1793.7,1793.2,1793.7,1793.8,1794.1,1793.6,1794.1
202105061750,1793.7,1794.1,1793.7,1793.9,1794.1,1794.5,1794.1,1794.3
202105061751,1793.9,1794.4,1793.9,1794.4,1794.3,1794.8,1794.3,1794.8
202105061752,1794.4,1794.4,1794,1794.2,1794.8,1794.8,1794.4,1794.6
202105061753,1794.2,1794.3,1794.2,1794.2,1794.6,1794.7,1794.6,1794.6
202105061754,1794.2,1795.3,1794.2,1794.9,1794.6,1795.7,1794.6,1795.3
202105061755,1794.9,1795.3,1794.9,1795.2,1795.3,1795.7,1795.3,1795.6
202105061756,1795.2,1795.6,1795.2,1795.6,1795.6,1796,1795.6,1796
202105061757,1795.6,1795.6,1795.1,1795.1,1796,1796,1795.5,1795.5
202105061758,1795.1,1795.2,1795,1795.1,1795.5,1795.6,1795.4,1795.5
202105061759,1795.1,1795.3,1794.8,1795,1795.5,1795.7,1795.2,1795.4
202105061800,1795,1795.6,1795,1795.1,1795.4,1796,1795.4,1795.5
202105061801,1795.1,1795.3,1794.7,1794.9,1795.5,1795.7,1795.1,1795.3
202105061802,1794.9,1794.9,1794.4,1794.6,1795.3,1795.3,1794.8,1795
202105061803,1794.6,1794.9,1794.2,1794.3,1795,1795.3,1794.6,1794.7
202105061804,1794.2,1794.8,1794.2,1794.4,1794.6,1795.2,1794.6,1794.8
202105061805,1794.4,1794.5,1794.3,1794.3,1794.8,1794.9,1794.7,1794.7
202105061806,1794.3,1794.3,1793.6,1793.6,1794.7,1794.7,1794,1794
202105061807,1793.6,1793.8,1793.6,1793.8,1794,1794.2,1794,1794.2
202105061808,1793.8,1794.1,1793.7,1793.8,1794.2,1794.5,1794.1,1794.2
202105061809,1793.8,1793.9,1793.4,1793.4,1794.2,1794.3,1793.8,1793.8
202105061810,1793.4,1793.5,1793.3,1793.4,1793.8,1793.9,1793.7,1793.8
202105061811,1793.4,1793.6,1793.1,1793.2,1793.8,1794,1793.5,1793.6
202105061812,1793.2,1793.6,1793.1,1793.4,1793.6,1794,1793.5,1793.8
202105061813,1793.4,1793.7,1793.2,1793.2,1793.8,1794.1,1793.6,1793.6
202105061814,1793.2,1793.4,1792.8,1793.1,1793.6,1793.8,1793.2,1793.5
202105061815,1793.1,1793.1,1792.7,1792.7,1793.5,1793.5,1793.1,1793.1
202105061816,1792.7,1792.7,1792.3,1792.4,1793.1,1793.1,1792.7,1792.8
202105061817,1792.4,1792.5,1792.3,1792.4,1792.8,1792.9,1792.7,1792.8
202105061818,1792.4,1792.6,1792.3,1792.4,1792.8,1793,1792.7,1792.8
202105061819,1792.5,1792.7,1792.4,1792.7,1792.9,1793.1,1792.8,1793.1
202105061820,1792.6,1792.7,1792.4,1792.5,1793,1793.1,1792.8,1792.9
202105061821,1792.5,1792.6,1792.2,1792.3,1792.9,1793,1792.6,1792.7
202105061822,1792.2,1792.6,1792.1,1792.5,1792.6,1793,1792.5,1792.9
202105061823,1792.5,1792.7,1792.4,1792.7,1792.9,1793.1,1792.8,1793.1
202105061824,1792.7,1793.1,1792.6,1793.1,1793.1,1793.5,1793,1793.5
202105061825,1793.1,1793.2,1792.8,1792.8,1793.5,1793.6,1793.2,1793.2
202105061826,1792.8,1793.1,1792.7,1792.9,1793.2,1793.5,1793.1,1793.3
202105061827,1792.9,1793.2,1792.9,1793.2,1793.3,1793.6,1793.3,1793.6
202105061828,1793.2,1793.2,1793,1793,1793.6,1793.6,1793.4,1793.4
202105061829,1793,1793.1,1792.7,1793.1,1793.4,1793.5,1793.1,1793.5
202105061830,1793.1,1793.1,1792.4,1792.8,1793.5,1793.5,1792.8,1793.2
202105061831,1792.8,1792.8,1792.4,1792.4,1793.2,1793.2,1792.8,1792.8
202105061832,1792.4,1792.9,1792.2,1792.9,1792.8,1793.3,1792.6,1793.3
202105061833,1792.9,1793.1,1792.8,1793.1,1793.3,1793.5,1793.2,1793.5
202105061834,1793.1,1793.2,1793,1793,1793.5,1793.6,1793.4,1793.4
202105061835,1793,1793.2,1792.9,1793.1,1793.4,1793.6,1793.3,1793.5
202105061836,1793.1,1793.1,1792.9,1793,1793.5,1793.5,1793.3,1793.4
202105061837,1793,1793.1,1793,1793,1793.4,1793.5,1793.4,1793.4
202105061838,1793,1793.3,1793,1793.2,1793.4,1793.7,1793.4,1793.6
202105061839,1793.2,1793.5,1793,1793.5,1793.6,1793.9,1793.4,1793.9
202105061840,1793.5,1793.5,1793.2,1793.3,1793.9,1793.9,1793.6,1793.7
202105061841,1793.3,1793.4,1793.2,1793.2,1793.7,1793.8,1793.6,1793.6
202105061842,1793.2,1793.4,1793.2,1793.3,1793.6,1793.8,1793.6,1793.7
202105061843,1793.3,1793.5,1793.2,1793.3,1793.7,1793.9,1793.6,1793.7
202105061844,1793.3,1793.4,1793,1793,1793.7,1793.8,1793.4,1793.4
202105061845,1793,1793.1,1792.7,1793,1793.4,1793.5,1793.1,1793.4
202105061846,1793,1793.2,1793,1793.1,1793.4,1793.6,1793.4,1793.5
202105061847,1793.1,1793.3,1792.9,1793.2,1793.5,1793.7,1793.3,1793.6
202105061848,1793.2,1793.4,1793.1,1793.4,1793.6,1793.8,1793.5,1793.8
202105061849,1793.4,1793.5,1793.3,1793.5,1793.8,1793.9,1793.7,1793.9
202105061850,1793.5,1793.6,1793.3,1793.3,1793.9,1794,1793.7,1793.7
202105061851,1793.3,1793.5,1793.2,1793.2,1793.7,1793.9,1793.6,1793.6
202105061852,1793.1,1793.1,1792.9,1793,1793.5,1793.5,1793.3,1793.4
202105061853,1793,1793.3,1792.9,1793.1,1793.4,1793.7,1793.3,1793.5
202105061854,1793.1,1793.1,1792.8,1792.8,1793.5,1793.5,1793.2,1793.2
202105061855,1792.8,1792.8,1792.7,1792.8,1793.2,1793.2,1793.1,1793.2
202105061856,1792.8,1792.9,1792.7,1792.9,1793.2,1793.3,1793.1,1793.3
202105061857,1792.9,1793.1,1792.9,1792.9,1793.3,1793.5,1793.3,1793.3
202105061858,1792.9,1793.2,1792.9,1793.2,1793.3,1793.6,1793.3,1793.6
202105061859,1793.2,1793.3,1793.2,1793.3,1793.6,1793.7,1793.6,1793.7
202105061900,1793.3,1793.3,1792.9,1793,1793.7,1793.7,1793.3,1793.4
202105061901,1793,1793,1792.7,1792.7,1793.4,1793.4,1793.1,1793.1
202105061902,1792.8,1793.3,1792.8,1793.3,1793.2,1793.7,1793.2,1793.7
202105061903,1793.3,1793.3,1793,1793.2,1793.7,1793.7,1793.4,1793.6
202105061904,1793.2,1793.3,1793.1,1793.2,1793.6,1793.7,1793.5,1793.6
202105061905,1793.2,1793.2,1792.8,1793.1,1793.6,1793.6,1793.2,1793.5
202105061906,1793,1793.1,1792.8,1793,1793.4,1793.5,1793.2,1793.4
202105061907,1793,1793,1792.7,1792.8,1793.4,1793.4,1793.1,1793.2
202105061908,1792.8,1792.9,1792.7,1792.8,1793.2,1793.3,1793.1,1793.2
202105061909,1792.8,1792.9,1792.7,1792.9,1793.2,1793.3,1793.1,1793.3
202105061910,1792.9,1793.1,1792.9,1793,1793.3,1793.5,1793.3,1793.4
202105061911,1793,1793,1792.7,1792.7,1793.4,1793.4,1793.1,1793.1
202105061912,1792.8,1792.9,1792.7,1792.8,1793.2,1793.3,1793.1,1793.2
202105061913,1792.8,1793.2,1792.8,1793.1,1793.2,1793.6,1793.2,1793.5
202105061914,1793.1,1793.2,1792.8,1792.9,1793.5,1793.6,1793.2,1793.3
202105061915,1792.9,1792.9,1792.7,1792.7,1793.3,1793.3,1793.1,1793.1
202105061916,1792.8,1793.1,1792.7,1792.9,1793.2,1793.5,1793.1,1793.3
202105061917,1792.9,1793,1792.7,1792.8,1793.3,1793.4,1793.1,1793.2
202105061918,1792.8,1792.8,1792.7,1792.7,1793.2,1793.2,1793.1,1793.1
202105061919,1792.8,1792.9,1792.7,1792.9,1793.2,1793.3,1793.1,1793.3
202105061920,1792.9,1793.3,1792.8,1793.3,1793.3,1793.7,1793.2,1793.7
202105061921,1793.3,1793.3,1792.9,1793,1793.7,1793.7,1793.3,1793.4
202105061922,1793,1793.1,1792.4,1792.4,1793.4,1793.5,1792.8,1792.8
202105061923,1792.4,1793,1792,1792,1792.8,1793.4,1792.4,1792.4
202105061924,1792,1792,1790.9,1791,1792.4,1792.4,1791.3,1791.4
202105061925,1791,1791.4,1790.9,1791,1791.4,1791.8,1791.3,1791.4
202105061926,1791,1791.3,1790.7,1791,1791.4,1791.7,1791.1,1791.4
202105061927,1791,1791.5,1791,1791.4,1791.4,1791.9,1791.4,1791.8
202105061928,1791.3,1791.8,1791.3,1791.5,1791.7,1792.2,1791.7,1791.9
202105061929,1791.5,1791.5,1791.3,1791.4,1791.9,1791.9,1791.7,1791.8
202105061930,1791.4,1791.5,1791.2,1791.2,1791.8,1791.9,1791.6,1791.6
202105061931,1791.2,1791.3,1791.2,1791.2,1791.6,1791.7,1791.6,1791.6
202105061932,1791.2,1791.3,1791.2,1791.3,1791.6,1791.7,1791.6,1791.7
202105061933,1791.3,1791.5,1791.3,1791.4,1791.7,1791.9,1791.7,1791.8
202105061934,1791.4,1791.5,1791.3,1791.3,1791.8,1791.9,1791.7,1791.7
202105061935,1791.3,1792.1,1791.3,1792.1,1791.7,1792.5,1791.7,1792.5
202105061936,1792.1,1792.3,1791.9,1792,1792.5,1792.7,1792.3,1792.4
202105061937,1792,1792.1,1791.8,1791.9,1792.4,1792.5,1792.2,1792.3
202105061938,1791.9,1792,1791.6,1791.8,1792.3,1792.4,1792,1792.2
202105061939,1791.8,1791.8,1791.4,1791.8,1792.2,1792.2,1791.8,1792.2
202105061940,1791.8,1791.9,1791.8,1791.9,1792.2,1792.3,1792.2,1792.3
202105061941,1791.9,1792.2,1791.9,1791.9,1792.3,1792.6,1792.3,1792.3
202105061942,1791.9,1792.1,1791.9,1792,1792.3,1792.5,1792.3,1792.4
202105061943,1792,1792,1791.7,1791.8,1792.4,1792.4,1792.1,1792.2
202105061944,1791.8,1791.9,1791.6,1791.8,1792.2,1792.3,1792,1792.2
202105061945,1791.8,1791.9,1791.5,1791.5,1792.2,1792.3,1791.9,1791.9
202105061946,1791.6,1791.6,1791.4,1791.6,1792,1792,1791.8,1792
202105061947,1791.6,1791.8,1791.5,1791.7,1792,1792.2,1791.9,1792.1
202105061948,1791.7,1791.8,1791.4,1791.4,1792.1,1792.2,1791.8,1791.8
202105061949,1791.5,1791.5,1791.1,1791.1,1791.9,1791.9,1791.5,1791.5
202105061950,1791.1,1791.1,1790.6,1790.7,1791.5,1791.5,1791,1791.1
202105061951,1790.7,1790.8,1790.5,1790.8,1791.1,1791.2,1790.9,1791.2
202105061952,1790.8,1791.1,1790.8,1790.9,1791.2,1791.5,1791.2,1791.3
202105061953,1790.9,1791.3,1790.9,1791.2,1791.3,1791.7,1791.3,1791.6
202105061954,1791.2,1791.5,1791.2,1791.5,1791.6,1791.9,1791.6,1791.9
202105061955,1791.4,1791.6,1791.4,1791.5,1791.8,1792,1791.8,1791.9
202105061956,1791.5,1791.7,1791.3,1791.7,1791.9,1792.1,1791.7,1792.1
202105061957,1791.7,1791.7,1791.5,1791.5,1792.1,1792.1,1791.9,1791.9
202105061958,1791.5,1791.9,1791.4,1791.8,1791.9,1792.3,1791.8,1792.2
202105061959,1791.8,1791.9,1791.7,1791.8,1792.2,1792.3,1792.1,1792.2
202105062000,1791.8,1792.5,1791.4,1792,1792.2,1792.9,1791.8,1792.4
202105062001,1792.1,1792.6,1791.9,1791.9,1792.5,1793,1792.3,1792.3
202105062002,1791.9,1792.3,1791.1,1791.2,1792.3,1792.7,1791.5,1791.6
202105062003,1791.2,1791.5,1788.9,1789.1,1791.6,1791.9,1789.4,1789.5
202105062004,1789.1,1789.2,1788.2,1789,1789.5,1789.6,1788.6,1789.4
202105062005,1789,1790,1789,1789.8,1789.4,1790.4,1789.4,1790.2
202105062006,1789.8,1790.5,1789.6,1790.3,1790.2,1790.9,1790,1790.7
202105062007,1790.4,1790.8,1790.3,1790.5,1790.8,1791.2,1790.7,1790.9
202105062008,1790.4,1790.5,1790,1790.1,1790.8,1790.9,1790.4,1790.5
202105062009,1790.1,1790.3,1789.5,1789.9,1790.5,1790.7,1789.9,1790.3
202105062010,1789.9,1789.9,1789.5,1789.9,1790.3,1790.3,1789.9,1790.3
202105062011,1789.9,1790.3,1789.9,1790.2,1790.3,1790.7,1790.3,1790.6
202105062012,1790.2,1790.2,1789.9,1790,1790.6,1790.6,1790.3,1790.4
202105062013,1790,1790.1,1789.6,1789.6,1790.4,1790.5,1790,1790
202105062014,1789.6,1790.3,1789.6,1790.3,1790,1790.7,1790,1790.7
202105062015,1790.3,1791,1790.3,1790.6,1790.7,1791.4,1790.7,1791
202105062016,1790.6,1790.9,1790.6,1790.9,1791,1791.3,1791,1791.3
202105062017,1790.9,1791.1,1790.8,1791.1,1791.3,1791.5,1791.2,1791.5
202105062018,1791.1,1791.6,1791.1,1791.5,1791.5,1792,1791.5,1791.9
202105062019,1791.5,1791.5,1791.2,1791.2,1791.9,1791.9,1791.6,1791.6
202105062020,1791.2,1791.5,1791.2,1791.5,1791.6,1791.9,1791.6,1791.9
202105062021,1791.5,1791.6,1791.1,1791.3,1791.9,1792,1791.5,1791.7
202105062022,1791.3,1792.1,1791.3,1792,1791.7,1792.5,1791.7,1792.4
202105062023,1792,1792.2,1791.9,1792.1,1792.4,1792.6,1792.3,1792.5
202105062024,1792.1,1792.5,1792,1792.4,1792.5,1792.9,1792.4,1792.8
202105062025,1792.4,1792.9,1792.4,1792.8,1792.8,1793.3,1792.8,1793.2
202105062026,1792.8,1793,1792.7,1792.9,1793.2,1793.4,1793.1,1793.3
202105062027,1792.9,1793.2,1792.9,1792.9,1793.3,1793.6,1793.3,1793.3
202105062028,1792.9,1793.1,1792.7,1792.8,1793.3,1793.5,1793.1,1793.2
202105062029,1792.8,1792.8,1791.9,1792,1793.2,1793.2,1792.3,1792.4
202105062030,1792,1792.1,1791.7,1792,1792.4,1792.5,1792.1,1792.4
202105062031,1791.9,1792.2,1791.8,1792.2,1792.3,1792.6,1792.2,1792.6
202105062032,1792.2,1792.8,1792,1792.8,1792.6,1793.2,1792.4,1793.2
202105062033,1792.8,1792.9,1792.8,1792.8,1793.2,1793.3,1793.2,1793.2
202105062034,1792.9,1792.9,1792.3,1792.4,1793.3,1793.3,1792.7,1792.8
202105062035,1792.4,1792.6,1792.3,1792.5,1792.8,1793,1792.7,1792.9
202105062036,1792.5,1792.9,1792.5,1792.9,1792.9,1793.3,1792.9,1793.3
202105062037,1792.9,1792.9,1792.5,1792.6,1793.3,1793.3,1792.9,1793
202105062038,1792.6,1792.6,1792.5,1792.5,1793,1793,1792.9,1792.9
202105062039,1792.5,1792.7,1792.3,1792.6,1792.9,1793.1,1792.7,1793
202105062040,1792.6,1793.1,1792.6,1793.1,1793,1793.5,1793,1793.5
202105062041,1793.1,1793.2,1792.7,1792.9,1793.5,1793.6,1793.1,1793.3
202105062042,1792.9,1793.4,1792.9,1793.4,1793.3,1793.8,1793.3,1793.8
202105062043,1793.4,1793.7,1793.1,1793.4,1793.8,1794.1,1793.5,1793.8
202105062044,1793.4,1793.5,1793.2,1793.4,1793.8,1793.9,1793.6,1793.8
202105062045,1793.4,1794,1793.2,1793.9,1793.8,1794.4,1793.6,1794.3
202105062046,1793.9,1794,1793.7,1793.9,1794.3,1794.4,1794.1,1794.3
202105062047,1793.9,1794.1,1793.8,1793.8,1794.3,1794.5,1794.2,1794.2
202105062048,1793.9,1793.9,1793.8,1793.8,1794.3,1794.3,1794.2,1794.2
202105062049,1793.8,1794.2,1793.8,1794.1,1794.2,1794.6,1794.2,1794.5
202105062050,1794.1,1794.2,1793.7,1793.8,1794.5,1794.6,1794.1,1794.2
202105062051,1793.8,1794,1793.7,1793.8,1794.2,1794.4,1794.1,1794.2
202105062052,1793.8,1793.9,1793.7,1793.7,1794.2,1794.3,1794.1,1794.1
202105062053,1793.7,1793.7,1793.5,1793.6,1794.1,1794.1,1793.9,1794
202105062054,1793.6,1793.8,1793.5,1793.6,1794,1794.2,1793.9,1794
202105062055,1793.6,1794.3,1793.5,1794.3,1794,1794.7,1793.9,1794.7
202105062056,1794.2,1794.3,1793.8,1793.8,1794.6,1794.7,1794.2,1794.2
202105062057,1793.8,1793.9,1793.6,1793.7,1794.2,1794.3,1794,1794.1
202105062058,1793.7,1793.7,1793.5,1793.5,1794.1,1794.1,1793.9,1793.9
202105062059,1793.5,1793.7,1793.5,1793.6,1793.9,1794.1,1793.9,1794
202105062100,1793.6,1794.2,1793.6,1794,1794,1794.6,1794,1794.4
202105062101,1794,1794.1,1793.7,1794.1,1794.4,1794.5,1794.1,1794.5
202105062102,1794.1,1794.3,1793.8,1793.9,1794.5,1794.7,1794.2,1794.3
202105062103,1793.9,1794.7,1793.9,1794.7,1794.3,1795.1,1794.3,1795.1
202105062104,1794.7,1794.9,1794.4,1794.4,1795.1,1795.3,1794.8,1794.8
202105062105,1794.4,1794.5,1794.2,1794.4,1794.8,1794.9,1794.6,1794.8
202105062106,1794.4,1794.7,1793.4,1793.7,1794.8,1795.1,1793.8,1794.1
202105062107,1793.7,1794.4,1793.7,1794.3,1794.1,1794.8,1794.1,1794.7
202105062108,1794.3,1794.7,1794.2,1794.6,1794.7,1795.1,1794.6,1795
202105062109,1794.6,1794.8,1794.4,1794.6,1795,1795.2,1794.8,1795
202105062110,1794.6,1794.6,1794.1,1794.3,1795,1795,1794.5,1794.7
202105062111,1794.3,1794.5,1794.1,1794.2,1794.7,1794.9,1794.5,1794.6
202105062112,1794.2,1794.5,1793.3,1793.4,1794.6,1794.9,1793.7,1793.8
202105062113,1793.4,1793.6,1793,1793.2,1793.8,1794,1793.4,1793.6
202105062114,1793.2,1793.4,1793,1793.3,1793.6,1793.8,1793.4,1793.7
202105062115,1793.3,1794,1793.3,1793.6,1793.7,1794.4,1793.7,1794
202105062116,1793.7,1794.4,1793.7,1794.4,1794.1,1794.8,1794.1,1794.8
202105062117,1794.4,1794.9,1794.4,1794.9,1794.8,1795.3,1794.8,1795.3
202105062118,1794.9,1794.9,1793.5,1793.6,1795.3,1795.3,1793.9,1794
202105062119,1793.6,1794.8,1793.2,1794.4,1794,1795.2,1793.6,1794.8
202105062120,1794.4,1794.4,1793.6,1794.1,1794.8,1794.8,1794,1794.5
202105062121,1794.1,1796,1794.1,1795.6,1794.5,1796.4,1794.5,1796
202105062122,1795.6,1795.9,1794.8,1794.8,1796,1796.3,1795.2,1795.2
202105062123,1794.8,1795,1793.7,1794.2,1795.2,1795.4,1794.1,1794.6
202105062124,1794.2,1795.4,1793.5,1795.4,1794.6,1795.8,1793.9,1795.8
202105062125,1795.4,1795.4,1794.9,1795,1795.8,1795.8,1795.3,1795.4
202105062126,1795.1,1795.8,1795.1,1795.8,1795.5,1796.2,1795.5,1796.2
202105062127,1795.8,1795.8,1795.5,1795.5,1796.2,1796.2,1795.9,1795.9
202105062128,1795.5,1796.1,1795.4,1796,1795.9,1796.5,1795.8,1796.4
202105062129,1796,1796.3,1795.4,1795.6,1796.4,1796.7,1795.8,1796
202105062130,1795.6,1796.1,1794.9,1795.4,1796,1796.5,1795.3,1795.8
202105062131,1795.5,1795.5,1792.3,1792.3,1795.9,1795.9,1792.7,1792.7
202105062132,1792.4,1793.7,1791.9,1793.5,1792.8,1794.1,1792.3,1793.9
202105062133,1793.5,1794.1,1793.4,1793.5,1793.9,1794.5,1793.8,1793.9
202105062134,1793.5,1794.4,1793.4,1793.7,1793.9,1794.8,1793.8,1794.1
202105062135,1793.7,1794.3,1791.8,1792.1,1794.1,1794.7,1792.2,1792.5
202105062136,1792.1,1792.8,1791.9,1792.4,1792.5,1793.2,1792.3,1792.8
202105062137,1792.4,1793.4,1792,1793.3,1792.8,1793.8,1792.4,1793.7
202105062138,1793.3,1794.2,1793.2,1794.2,1793.7,1794.6,1793.6,1794.6
202105062139,1794.2,1794.2,1793.7,1793.7,1794.6,1794.6,1794.1,1794.1
202105062140,1793.7,1794.1,1793.6,1793.8,1794.1,1794.5,1794,1794.2
202105062141,1793.8,1794.3,1793.4,1793.5,1794.2,1794.7,1793.8,1793.9
202105062142,1793.5,1793.9,1793.3,1793.8,1793.9,1794.3,1793.7,1794.2
202105062143,1793.8,1794.1,1793.6,1793.8,1794.2,1794.5,1794,1794.2
202105062144,1793.8,1794.6,1793.6,1793.6,1794.2,1795,1794,1794
202105062145,1793.6,1793.8,1792.8,1793.2,1794,1794.2,1793.2,1793.6
202105062146,1793.2,1793.7,1792.8,1793.4,1793.6,1794.1,1793.2,1793.8
202105062147,1793.4,1794.3,1793.4,1794,1793.8,1794.7,1793.8,1794.4
202105062148,1794,1795.1,1794,1794.7,1794.4,1795.5,1794.4,1795.1
202105062149,1794.6,1795,1794.5,1794.6,1795,1795.4,1794.9,1795
202105062150,1794.6,1795.7,1794.6,1795.7,1795,1796.1,1795,1796.1
202105062151,1795.7,1795.8,1795.5,1795.8,1796.1,1796.2,1795.9,1796.2
202105062152,1795.8,1795.8,1794.8,1794.8,1796.2,1796.2,1795.2,1795.2
202105062153,1794.8,1794.8,1793.9,1794.2,1795.2,1795.2,1794.3,1794.6
202105062154,1794.2,1794.6,1793.9,1794.3,1794.6,1795,1794.3,1794.7
202105062155,1794.3,1795.6,1794.1,1795.5,1794.7,1796,1794.5,1795.9
202105062156,1795.5,1795.8,1794.6,1795.3,1795.9,1796.2,1795,1795.7
202105062157,1795.3,1795.6,1795.2,1795.5,1795.7,1796,1795.6,1795.9
202105062158,1795.5,1795.5,1794.8,1794.9,1795.9,1795.9,1795.2,1795.3
202105062159,1794.9,1795,1793.4,1793.5,1795.3,1795.4,1793.8,1793.9
202105062200,1793.6,1795.8,1793.5,1795.7,1794,1796.2,1793.9,1796.1
202105062201,1795.7,1795.8,1795.4,1795.6,1796.1,1796.2,1795.8,1796
202105062202,1795.6,1795.6,1793.6,1793.7,1796,1796,1794,1794.1
202105062203,1793.7,1793.7,1792,1792.3,1794.1,1794.1,1792.4,1792.7
202105062204,1792.3,1792.3,1791.5,1792,1792.7,1792.7,1791.9,1792.4
202105062205,1792,1793.2,1791.9,1793,1792.4,1793.6,1792.3,1793.4
202105062206,1793,1793.1,1792.2,1792.3,1793.4,1793.5,1792.6,1792.7
202105062207,1792.3,1792.3,1791.4,1791.7,1792.7,1792.7,1791.8,1792.1
202105062208,1791.6,1791.9,1790.7,1791.8,1792,1792.3,1791.1,1792.2
202105062209,1791.8,1792,1791.3,1791.8,1792.2,1792.4,1791.7,1792.2
202105062210,1791.8,1792.1,1790.8,1791,1792.2,1792.5,1791.2,1791.4
202105062211,1791.2,1791.7,1790.8,1791.7,1791.6,1792.1,1791.2,1792.1
202105062212,1791.7,1792.8,1791.6,1792.5,1792.1,1793.2,1792,1792.9
202105062213,1792.5,1792.9,1792.3,1792.9,1792.9,1793.3,1792.7,1793.3
202105062214,1792.9,1793.5,1792.9,1793.2,1793.3,1793.9,1793.3,1793.6
202105062215,1793.3,1793.4,1792.7,1793.4,1793.7,1793.8,1793.1,1793.8
202105062216,1793.4,1793.5,1792.7,1793,1793.8,1793.9,1793.1,1793.4
202105062217,1793,1793.2,1792.6,1792.6,1793.4,1793.6,1793,1793
202105062218,1792.5,1792.6,1791.5,1791.9,1792.9,1793,1791.9,1792.3
202105062219,1791.9,1792.5,1791.9,1792,1792.3,1792.9,1792.3,1792.4
202105062220,1792,1792.3,1791.2,1791.3,1792.4,1792.7,1791.6,1791.7
202105062221,1791.3,1792.9,1791.3,1792.8,1791.7,1793.3,1791.7,1793.2
202105062222,1792.8,1793.2,1792.6,1793,1793.2,1793.6,1793,1793.4
202105062223,1793,1793.3,1792.8,1793.2,1793.4,1793.7,1793.2,1793.6
202105062224,1793.2,1793.8,1793.1,1793.7,1793.6,1794.2,1793.5,1794.1
202105062225,1793.7,1794.2,1793.5,1793.6,1794.1,1794.6,1793.9,1794
202105062226,1793.6,1793.6,1793.2,1793.2,1794,1794,1793.6,1793.6
202105062227,1793.2,1793.2,1792.6,1792.8,1793.6,1793.6,1793,1793.2
202105062228,1792.8,1793.2,1792.4,1793.2,1793.2,1793.6,1792.8,1793.6
202105062229,1793.2,1793.4,1792.9,1793.2,1793.6,1793.8,1793.3,1793.6
202105062230,1793.2,1793.6,1792.7,1793.2,1793.6,1794,1793.1,1793.6
202105062231,1793.2,1794.4,1793.2,1794.3,1793.6,1794.8,1793.6,1794.7
202105062232,1794.3,1795.1,1794.3,1794.8,1794.7,1795.5,1794.7,1795.2
202105062233,1794.7,1795.6,1794.6,1795.3,1795.1,1796,1795,1795.7
202105062234,1795.4,1797.1,1795.4,1796.8,1795.8,1797.5,1795.8,1797.2
202105062235,1796.7,1801,1796.7,1800.6,1797.1,1801.4,1797.1,1801
202105062236,1800.8,1803,1800.2,1803,1801.2,1803.4,1800.6,1803.4
202105062237,1803,1804.8,1803,1804.7,1803.4,1805.2,1803.4,1805.1
202105062238,1804.5,1806.9,1804.3,1806.3,1804.9,1807.3,1804.7,1806.7
202105062239,1806.3,1807,1805.2,1806.4,1806.7,1807.4,1805.6,1806.8
202105062240,1806.5,1807,1805.5,1805.9,1806.9,1807.4,1805.9,1806.3
202105062241,1805.9,1808,1805.8,1807.7,1806.3,1808.4,1806.2,1808.1
202105062242,1807.7,1808.3,1806.9,1807.1,1808.1,1808.7,1807.3,1807.5
202105062243,1807.1,1807.5,1806.2,1806.5,1807.5,1807.9,1806.6,1806.9
202105062244,1806.5,1806.9,1805.4,1806.7,1806.9,1807.3,1805.8,1807.1
202105062245,1806.7,1807.1,1805.7,1806,1807.1,1807.5,1806.1,1806.4
202105062246,1806,1807.4,1806,1807.4,1806.4,1807.8,1806.4,1807.8
202105062247,1807.4,1809.4,1807.4,1808.5,1807.8,1809.8,1807.8,1808.9
202105062248,1808.4,1809.9,1808.4,1809,1808.8,1810.3,1808.8,1809.4
202105062249,1809,1810.1,1808.9,1810.1,1809.4,1810.5,1809.3,1810.5
202105062250,1810.1,1812.3,1810.1,1811.4,1810.5,1812.7,1810.5,1811.8
202105062251,1811.4,1811.7,1810.1,1810.9,1811.8,1812.1,1810.5,1811.3
202105062252,1810.8,1811.4,1810.3,1810.5,1811.2,1811.8,1810.7,1810.9
202105062253,1810.5,1811.1,1809.9,1811,1810.9,1811.5,1810.3,1811.4
202105062254,1811.1,1811.6,1810.5,1811.4,1811.5,1812,1810.9,1811.8
202105062255,1811.5,1811.7,1810.8,1811.3,1811.9,1812.1,1811.2,1811.7
202105062256,1811.3,1812.5,1811.1,1811.8,1811.7,1812.9,1811.5,1812.2
202105062257,1811.7,1812,1810.8,1811.1,1812.1,1812.4,1811.2,1811.5
202105062258,1811,1812.4,1811,1811.9,1811.4,1812.8,1811.4,1812.3
202105062259,1811.8,1813,1811.7,1812.6,1812.2,1813.4,1812.1,1813
202105062300,1812.6,1813.6,1812.3,1812.5,1813,1814,1812.7,1812.9
202105062301,1812.6,1813.3,1812.2,1813.3,1813,1813.7,1812.6,1813.7
202105062302,1813.3,1813.5,1812.4,1813.1,1813.7,1813.9,1812.8,1813.5
202105062303,1813.1,1813.8,1812.9,1813.7,1813.5,1814.2,1813.3,1814.1
202105062304,1813.8,1813.8,1813.1,1813.5,1814.2,1814.2,1813.5,1813.9
202105062305,1813.5,1813.6,1813.2,1813.4,1813.9,1814,1813.6,1813.8
202105062306,1813.4,1813.4,1811.8,1811.8,1813.8,1813.8,1812.2,1812.2
202105062307,1811.7,1812.1,1810.9,1810.9,1812.1,1812.5,1811.3,1811.3
202105062308,1810.9,1811.2,1810.2,1810.2,1811.3,1811.6,1810.6,1810.6
202105062309,1810.3,1810.9,1809.6,1810.2,1810.7,1811.3,1810,1810.6
202105062310,1810.2,1812.6,1810.1,1812.5,1810.6,1813,1810.5,1812.9
202105062311,1812.5,1813.8,1812.5,1813.3,1812.9,1814.2,1812.9,1813.7
202105062312,1813.3,1813.3,1812.6,1812.6,1813.7,1813.7,1813,1813
202105062313,1812.6,1813,1812.3,1812.7,1813,1813.4,1812.7,1813.1
202105062314,1812.7,1812.9,1810.9,1811.1,1813.1,1813.3,1811.3,1811.5
202105062315,1811.1,1812.3,1811.1,1812.1,1811.5,1812.7,1811.5,1812.5
202105062316,1812.1,1812.1,1810.9,1811.7,1812.5,1812.5,1811.3,1812.1
202105062317,1811.9,1812,1810.8,1811,1812.3,1812.4,1811.2,1811.4
202105062318,1811,1811,1810.2,1810.2,1811.4,1811.4,1810.6,1810.6
202105062319,1810.2,1810.5,1809.9,1810.2,1810.6,1810.9,1810.3,1810.6
202105062320,1810.2,1811.5,1810,1810.8,1810.6,1811.9,1810.4,1811.2
202105062321,1810.8,1812,1810.7,1812,1811.2,1812.4,1811.1,1812.4
202105062322,1812.1,1812.6,1811.4,1811.8,1812.5,1813,1811.8,1812.2
202105062323,1811.8,1812.6,1811.8,1812.6,1812.2,1813,1812.2,1813
202105062324,1812.6,1812.9,1812.1,1812.8,1813,1813.3,1812.5,1813.2
202105062325,1812.8,1813.2,1812.3,1812.3,1813.2,1813.6,1812.7,1812.7
202105062326,1812.3,1812.4,1811.5,1811.8,1812.7,1812.8,1811.9,1812.2
202105062327,1811.8,1812.6,1811.6,1812.1,1812.2,1813,1812,1812.5
202105062328,1812.1,1812.2,1811.8,1812.2,1812.5,1812.6,1812.2,1812.6
202105062329,1812.2,1812.2,1811.3,1811.4,1812.6,1812.6,1811.7,1811.8
202105062330,1811.4,1811.7,1811.2,1811.4,1811.8,1812.1,1811.6,1811.8
202105062331,1811.5,1812.2,1811.5,1811.8,1811.9,1812.6,1811.9,1812.2
202105062332,1811.8,1812.4,1811.7,1812,1812.2,1812.8,1812.1,1812.4
202105062333,1812,1812.3,1811.4,1812.3,1812.4,1812.7,1811.8,1812.7
202105062334,1812.3,1812.4,1811.6,1811.7,1812.7,1812.8,1812,1812.1
202105062335,1811.7,1812.8,1811.7,1812.8,1812.1,1813.2,1812.1,1813.2
202105062336,1812.8,1812.9,1812.2,1812.8,1813.2,1813.3,1812.6,1813.2
202105062337,1812.8,1813.2,1812.6,1812.7,1813.2,1813.6,1813,1813.1
202105062338,1812.7,1812.9,1812.4,1812.4,1813.1,1813.3,1812.8,1812.8
202105062339,1812.4,1812.8,1812.3,1812.7,1812.8,1813.2,1812.7,1813.1
202105062340,1812.7,1813.3,1812.6,1813.2,1813.1,1813.7,1813,1813.6
202105062341,1813.2,1813.4,1812.9,1813,1813.6,1813.8,1813.3,1813.4
202105062342,1813,1813.1,1812.3,1812.7,1813.4,1813.5,1812.7,1813.1
202105062343,1812.6,1812.9,1812.4,1812.8,1813,1813.3,1812.8,1813.2
202105062344,1812.8,1812.9,1812.4,1812.5,1813.2,1813.3,1812.8,1812.9
202105062345,1812.5,1813.2,1812.4,1813.2,1812.9,1813.6,1812.8,1813.6
202105062346,1813.2,1813.2,1812.8,1813,1813.6,1813.6,1813.2,1813.4
202105062347,1813,1813.1,1812.7,1812.8,1813.4,1813.5,1813.1,1813.2
202105062348,1812.8,1813.2,1812.3,1813.2,1813.2,1813.6,1812.7,1813.6
202105062349,1813.2,1814,1813.1,1813.8,1813.6,1814.4,1813.5,1814.2
202105062350,1813.8,1814.9,1813.8,1814.8,1814.2,1815.3,1814.2,1815.2
202105062351,1814.8,1815,1814.3,1814.9,1815.2,1815.4,1814.7,1815.3
202105062352,1814.9,1814.9,1813.9,1814.4,1815.3,1815.3,1814.3,1814.8
202105062353,1814.4,1815.3,1813.8,1814.7,1814.8,1815.7,1814.2,1815.1
202105062354,1814.7,1814.7,1814.1,1814.4,1815.1,1815.1,1814.5,1814.8
202105062355,1814.4,1814.7,1814.3,1814.4,1814.8,1815.1,1814.7,1814.8
202105062356,1814.4,1814.6,1814,1814,1814.8,1815,1814.4,1814.4
202105062357,1814,1814,1812.6,1813.8,1814.4,1814.4,1813,1814.2
202105062358,1813.8,1814.8,1813.8,1814.8,1814.2,1815.2,1814.2,1815.2
202105062359,1814.8,1815.4,1814.7,1815.4,1815.2,1815.8,1815.1,1815.8
202105070000,1815.4,1815.8,1815,1815.7,1815.8,1816.2,1815.4,1816.1
202105070001,1815.7,1815.8,1815.5,1815.7,1816.1,1816.2,1815.9,1816.1
202105070002,1815.7,1815.8,1815.5,1815.6,1816.1,1816.2,1815.9,1816
202105070003,1815.6,1815.8,1815.3,1815.6,1816,1816.2,1815.7,1816
202105070004,1815.6,1815.6,1814.3,1814.5,1816,1816,1814.7,1814.9
202105070005,1814.5,1815.4,1814.3,1814.5,1814.9,1815.8,1814.7,1814.9
202105070006,1814.5,1814.5,1813.3,1813.4,1814.9,1814.9,1813.7,1813.8
202105070007,1813.4,1814.1,1812.7,1814,1813.8,1814.5,1813.1,1814.4
202105070008,1814,1814.5,1813.9,1814.5,1814.4,1814.9,1814.3,1814.9
202105070009,1814.5,1814.6,1814.3,1814.4,1814.9,1815,1814.7,1814.8
202105070010,1814.4,1815,1814.4,1814.8,1814.8,1815.4,1814.8,1815.2
202105070011,1814.8,1814.8,1814.1,1814.1,1815.2,1815.2,1814.5,1814.5
202105070012,1814.1,1814.3,1813.5,1814,1814.5,1814.7,1813.9,1814.4
202105070013,1814,1814.2,1813.7,1814.1,1814.4,1814.6,1814.1,1814.5
202105070014,1814.1,1814.7,1814.1,1814.6,1814.5,1815.1,1814.5,1815
202105070015,1814.6,1814.9,1814.4,1814.5,1815,1815.3,1814.8,1814.9
202105070016,1814.5,1814.7,1814,1814,1814.9,1815.1,1814.4,1814.4
202105070017,1814,1814.2,1813.8,1813.9,1814.4,1814.6,1814.2,1814.3
202105070018,1813.9,1814.2,1813.8,1814,1814.3,1814.6,1814.2,1814.4
202105070019,1814,1814,1813.4,1813.7,1814.4,1814.4,1813.8,1814.1
202105070020,1813.7,1814.2,1813.6,1814,1814.1,1814.6,1814,1814.4
202105070021,1814,1814.5,1813.9,1814.5,1814.4,1814.9,1814.3,1814.9
202105070022,1814.5,1815.1,1814.4,1815,1814.9,1815.5,1814.8,1815.4
202105070023,1815,1816.2,1814.9,1816.1,1815.4,1816.6,1815.3,1816.5
202105070024,1816.1,1816.7,1816.1,1816.3,1816.5,1817.1,1816.5,1816.7
202105070025,1816.3,1816.3,1815.9,1816,1816.7,1816.7,1816.3,1816.4
202105070026,1816,1816.3,1815.9,1816.2,1816.4,1816.7,1816.3,1816.6
202105070027,1816.2,1816.5,1816.1,1816.5,1816.6,1816.9,1816.5,1816.9
202105070028,1816.5,1817,1816.4,1816.8,1816.9,1817.4,1816.8,1817.2
202105070029,1816.8,1817.9,1816.8,1817.3,1817.2,1818.3,1817.2,1817.7
202105070030,1817.3,1817.5,1816.2,1816.7,1817.7,1817.9,1816.6,1817.1
202105070031,1816.6,1816.7,1816,1816,1817,1817.1,1816.4,1816.4
202105070032,1815.9,1815.9,1815.7,1815.8,1816.3,1816.3,1816.1,1816.2
202105070033,1815.8,1816,1815.4,1815.5,1816.2,1816.4,1815.8,1815.9
202105070034,1815.5,1815.9,1815.4,1815.6,1815.9,1816.3,1815.8,1816
202105070035,1815.6,1815.6,1814.5,1814.8,1816,1816,1814.9,1815.2
202105070036,1814.7,1815,1814.4,1814.9,1815.1,1815.4,1814.8,1815.3
202105070037,1815,1815.4,1814.9,1815.4,1815.4,1815.8,1815.3,1815.8
202105070038,1815.4,1815.6,1815,1815.2,1815.8,1816,1815.4,1815.6
202105070039,1815.2,1815.4,1815.1,1815.1,1815.6,1815.8,1815.5,1815.5
202105070040,1815.1,1816.5,1815.1,1815.7,1815.5,1816.9,1815.5,1816.1
202105070041,1815.7,1815.7,1815,1815.3,1816.1,1816.1,1815.4,1815.7
202105070042,1815.3,1815.4,1814.8,1815.1,1815.7,1815.8,1815.2,1815.5
202105070043,1815.1,1815.3,1814.4,1814.4,1815.5,1815.7,1814.8,1814.8
202105070044,1814.4,1814.8,1813.9,1814.7,1814.8,1815.2,1814.3,1815.1
202105070045,1814.6,1814.9,1814.5,1814.6,1815,1815.3,1814.9,1815
202105070046,1814.6,1814.7,1814.2,1814.2,1815,1815.1,1814.6,1814.6
202105070047,1814.3,1814.4,1814.1,1814.2,1814.7,1814.8,1814.5,1814.6
202105070048,1814.2,1814.3,1813.7,1813.8,1814.6,1814.7,1814.1,1814.2
202105070049,1813.8,1814.1,1813.4,1813.9,1814.2,1814.5,1813.8,1814.3
202105070050,1813.9,1813.9,1812.5,1813.2,1814.3,1814.3,1812.9,1813.6
202105070051,1813.2,1813.2,1812.6,1812.7,1813.6,1813.6,1813,1813.1
202105070052,1812.7,1814,1812.7,1813.8,1813.1,1814.4,1813.1,1814.2
202105070053,1813.8,1813.9,1813.3,1813.7,1814.2,1814.3,1813.7,1814.1
202105070054,1813.7,1813.8,1813.5,1813.8,1814.1,1814.2,1813.9,1814.2
202105070055,1813.8,1813.9,1813.6,1813.8,1814.2,1814.3,1814,1814.2
202105070056,1813.8,1813.8,1813.4,1813.7,1814.2,1814.2,1813.8,1814.1
202105070057,1813.7,1813.9,1813.2,1813.4,1814.1,1814.3,1813.6,1813.8
202105070058,1813.4,1813.9,1813.3,1813.8,1813.8,1814.3,1813.7,1814.2
202105070059,1813.8,1814.2,1813.6,1814.1,1814.2,1814.6,1814,1814.5
202105070100,1814.1,1814.2,1813.9,1814.2,1814.5,1814.6,1814.3,1814.6
202105070101,1814.3,1814.7,1814,1814.3,1814.7,1815.1,1814.4,1814.7
202105070102,1814.3,1814.4,1814.1,1814.3,1814.7,1814.8,1814.5,1814.7
202105070103,1814.3,1814.4,1813.9,1814.3,1814.7,1814.8,1814.3,1814.7
202105070104,1814.3,1814.7,1814.2,1814.5,1814.7,1815.1,1814.6,1814.9
202105070105,1814.6,1814.9,1814.5,1814.8,1815,1815.3,1814.9,1815.2
202105070106,1814.8,1814.8,1814.5,1814.7,1815.2,1815.2,1814.9,1815.1
202105070107,1814.7,1814.9,1814.7,1814.7,1815.1,1815.3,1815.1,1815.1
202105070108,1814.8,1815.2,1814.8,1814.9,1815.2,1815.6,1815.2,1815.3
202105070109,1814.9,1815.5,1814.9,1815.4,1815.3,1815.9,1815.3,1815.8
202105070110,1815.4,1815.7,1815.4,1815.5,1815.8,1816.1,1815.8,1815.9
202105070111,1815.5,1815.9,1815.4,1815.5,1815.9,1816.3,1815.8,1815.9
202105070112,1815.5,1815.5,1815.3,1815.4,1815.9,1815.9,1815.7,1815.8
202105070113,1815.4,1815.6,1815.2,1815.5,1815.8,1816,1815.6,1815.9
202105070114,1815.5,1815.9,1815.5,1815.9,1815.9,1816.3,1815.9,1816.3
202105070115,1815.9,1816.3,1815.9,1816.1,1816.3,1816.7,1816.3,1816.5
202105070116,1816.1,1816.4,1816.1,1816.3,1816.5,1816.8,1816.5,1816.7
202105070117,1816.3,1816.3,1816.2,1816.3,1816.7,1816.7,1816.6,1816.7
202105070118,1816.3,1816.3,1815.8,1816,1816.7,1816.7,1816.2,1816.4
202105070119,1816,1816.1,1815.5,1815.5,1816.4,1816.5,1815.9,1815.9
202105070120,1815.5,1816,1815.5,1815.8,1815.9,1816.4,1815.9,1816.2
202105070121,1815.9,1816,1815.8,1815.8,1816.3,1816.4,1816.2,1816.2
202105070122,1815.8,1816.2,1815.8,1816.2,1816.2,1816.6,1816.2,1816.6
202105070123,1816.1,1816.4,1815.9,1816,1816.5,1816.8,1816.3,1816.4
202105070124,1816,1816,1815.6,1815.6,1816.4,1816.4,1816,1816
202105070125,1815.6,1815.8,1815.5,1815.7,1816,1816.2,1815.9,1816.1
202105070126,1815.7,1815.7,1815.2,1815.3,1816.1,1816.1,1815.6,1815.7
202105070127,1815.3,1815.4,1814.9,1815,1815.7,1815.8,1815.3,1815.4
202105070128,1815,1815.1,1814.9,1815,1815.4,1815.5,1815.3,1815.4
202105070129,1815,1815.1,1814.7,1814.9,1815.4,1815.5,1815.1,1815.3
202105070130,1814.9,1815.3,1814.7,1814.9,1815.3,1815.7,1815.1,1815.3
202105070131,1814.9,1815,1814.9,1814.9,1815.3,1815.4,1815.3,1815.3
202105070132,1814.9,1815,1814.8,1815,1815.3,1815.4,1815.2,1815.4
202105070133,1815,1815.3,1815,1815.2,1815.4,1815.7,1815.4,1815.6
202105070134,1815.2,1815.2,1814.9,1815,1815.6,1815.6,1815.3,1815.4
202105070135,1815,1815.4,1814.8,1815,1815.4,1815.8,1815.2,1815.4
202105070136,1815,1815.1,1814.7,1814.7,1815.4,1815.5,1815.1,1815.1
202105070137,1814.7,1814.7,1814.4,1814.6,1815.1,1815.1,1814.8,1815
202105070138,1814.6,1814.6,1814.4,1814.6,1815,1815,1814.8,1815
202105070139,1814.6,1814.8,1814.5,1814.7,1815,1815.2,1814.9,1815.1
202105070140,1814.7,1815.3,1814.7,1815,1815.1,1815.7,1815.1,1815.4
202105070141,1815,1815.1,1814.9,1815,1815.4,1815.5,1815.3,1815.4
202105070142,1815,1815.3,1814.9,1815.3,1815.4,1815.7,1815.3,1815.7
202105070143,1815.3,1815.4,1815.3,1815.4,1815.7,1815.8,1815.7,1815.8
202105070144,1815.4,1815.4,1815.3,1815.4,1815.8,1815.8,1815.7,1815.8
202105070145,1815.4,1815.6,1815.3,1815.3,1815.8,1816,1815.7,1815.7
202105070146,1815.3,1815.4,1815.2,1815.2,1815.7,1815.8,1815.6,1815.6
202105070147,1815.2,1815.3,1814.9,1815,1815.6,1815.7,1815.3,1815.4
202105070148,1815,1815.3,1815,1815.3,1815.4,1815.7,1815.4,1815.7
202105070149,1815.3,1815.3,1815,1815.2,1815.7,1815.7,1815.4,1815.6
202105070150,1815.2,1815.4,1815.2,1815.3,1815.6,1815.8,1815.6,1815.7
202105070151,1815.3,1815.4,1815.3,1815.3,1815.7,1815.8,1815.7,1815.7
202105070152,1815.3,1815.4,1815.3,1815.4,1815.7,1815.8,1815.7,1815.8
202105070153,1815.4,1815.6,1815.4,1815.4,1815.8,1816,1815.8,1815.8
202105070154,1815.4,1815.4,1814.9,1815.4,1815.8,1815.8,1815.3,1815.8
202105070155,1815.4,1815.4,1815.1,1815.2,1815.8,1815.8,1815.5,1815.6
202105070156,1815.2,1815.4,1815,1815,1815.6,1815.8,1815.4,1815.4
202105070157,1815,1815.4,1815,1815.2,1815.4,1815.8,1815.4,1815.6
202105070158,1815.2,1815.4,1815.1,1815.4,1815.6,1815.8,1815.5,1815.8
202105070159,1815.4,1815.8,1815.4,1815.7,1815.8,1816.2,1815.8,1816.1
202105070200,1815.7,1815.7,1815.3,1815.6,1816.1,1816.1,1815.7,1816
202105070201,1815.6,1815.8,1815.5,1815.7,1816,1816.2,1815.9,1816.1
202105070202,1815.7,1816.1,1815.6,1815.9,1816.1,1816.5,1816,1816.3
202105070203,1815.9,1816,1815.8,1815.8,1816.3,1816.4,1816.2,1816.2
202105070204,1815.8,1815.9,1815.5,1815.6,1816.2,1816.3,1815.9,1816
202105070205,1815.6,1815.8,1815.6,1815.7,1816,1816.2,1816,1816.1
202105070206,1815.7,1815.8,1815.7,1815.8,1816.1,1816.2,1816.1,1816.2
202105070207,1815.8,1816,1815.8,1816,1816.2,1816.4,1816.2,1816.4
202105070208,1816,1816,1815.7,1815.7,1816.4,1816.4,1816.1,1816.1
202105070209,1815.7,1815.7,1815.5,1815.5,1816.1,1816.1,1815.9,1815.9
202105070210,1815.5,1815.8,1815.5,1815.7,1815.9,1816.2,1815.9,1816.1
202105070211,1815.7,1815.7,1814.9,1814.9,1816.1,1816.1,1815.3,1815.3
202105070212,1815,1815.1,1813.9,1813.9,1815.4,1815.5,1814.3,1814.3
202105070213,1813.9,1814.7,1813.9,1814.7,1814.3,1815.1,1814.3,1815.1
202105070214,1814.7,1814.8,1814.3,1814.3,1815.1,1815.2,1814.7,1814.7
202105070215,1814.4,1814.5,1814.2,1814.4,1814.8,1814.9,1814.6,1814.8
202105070216,1814.4,1814.6,1814.3,1814.5,1814.8,1815,1814.7,1814.9
202105070217,1814.5,1814.6,1814.3,1814.4,1814.9,1815,1814.7,1814.8
202105070218,1814.4,1814.4,1814.2,1814.3,1814.8,1814.8,1814.6,1814.7
202105070219,1814.3,1814.3,1813.8,1814.1,1814.7,1814.7,1814.2,1814.5
202105070220,1814.1,1814.2,1813.9,1814.2,1814.5,1814.6,1814.3,1814.6
202105070221,1814.1,1814.4,1813.9,1814.4,1814.5,1814.8,1814.3,1814.8
202105070222,1814.4,1814.6,1814.3,1814.5,1814.8,1815,1814.7,1814.9
202105070223,1814.5,1814.7,1814.4,1814.5,1814.9,1815.1,1814.8,1814.9
202105070224,1814.5,1814.6,1814.4,1814.4,1814.9,1815,1814.8,1814.8
202105070225,1814.4,1814.5,1814,1814.3,1814.8,1814.9,1814.4,1814.7
202105070226,1814.3,1815.2,1814.3,1815.2,1814.7,1815.6,1814.7,1815.6
202105070227,1815.2,1815.3,1815.1,1815.2,1815.6,1815.7,1815.5,1815.6
202105070228,1815.2,1815.3,1815,1815.2,1815.6,1815.7,1815.4,1815.6
202105070229,1815.2,1815.4,1814.8,1814.9,1815.6,1815.8,1815.2,1815.3
202105070230,1814.9,1815.1,1814.5,1814.9,1815.3,1815.5,1814.9,1815.3
202105070231,1814.9,1814.9,1814.5,1814.5,1815.3,1815.3,1814.9,1814.9
202105070232,1814.5,1814.8,1814.4,1814.6,1814.9,1815.2,1814.8,1815
202105070233,1814.6,1814.9,1814.6,1814.9,1815,1815.3,1815,1815.3
202105070234,1814.9,1815,1814.6,1814.6,1815.3,1815.4,1815,1815
202105070235,1814.6,1814.8,1814.3,1814.3,1815,1815.2,1814.7,1814.7
202105070236,1814.3,1814.5,1814.3,1814.5,1814.7,1814.9,1814.7,1814.9
202105070237,1814.5,1814.5,1814.5,1814.5,1814.9,1814.9,1814.9,1814.9
202105070238,1814.5,1814.9,1814.5,1814.7,1814.9,1815.3,1814.9,1815.1
202105070239,1814.7,1814.8,1814.7,1814.7,1815.1,1815.2,1815.1,1815.1
202105070240,1814.7,1814.8,1814.6,1814.8,1815.1,1815.2,1815,1815.2
202105070241,1814.8,1814.8,1814.6,1814.7,1815.2,1815.2,1815,1815.1
202105070242,1814.7,1814.8,1814.6,1814.7,1815.1,1815.2,1815,1815.1
202105070243,1814.7,1814.7,1814.6,1814.6,1815.1,1815.1,1815,1815
202105070244,1814.7,1814.9,1814.7,1814.9,1815.1,1815.3,1815.1,1815.3
202105070245,1814.9,1815.2,1814.8,1815,1815.3,1815.6,1815.2,1815.4
202105070246,1815,1815.3,1815,1815.2,1815.4,1815.7,1815.4,1815.6
202105070247,1815.2,1815.6,1815.2,1815.5,1815.6,1816,1815.6,1815.9
202105070248,1815.5,1815.5,1815.2,1815.3,1815.9,1815.9,1815.6,1815.7
202105070249,1815.3,1815.3,1815.2,1815.3,1815.7,1815.7,1815.6,1815.7
202105070250,1815.3,1815.3,1815.2,1815.3,1815.7,1815.7,1815.6,1815.7
202105070251,1815.3,1815.3,1815.1,1815.1,1815.7,1815.7,1815.5,1815.5
202105070252,1815.1,1815.1,1814.5,1814.6,1815.5,1815.5,1814.9,1815
202105070253,1814.6,1814.7,1814.5,1814.6,1815,1815.1,1814.9,1815
202105070254,1814.6,1814.8,1814.6,1814.7,1815,1815.2,1815,1815.1
202105070255,1814.7,1814.9,1814.5,1814.6,1815.1,1815.3,1814.9,1815
202105070256,1814.6,1814.9,1814.6,1814.7,1815,1815.3,1815,1815.1
202105070257,1814.7,1814.7,1814.2,1814.3,1815.1,1815.1,1814.6,1814.7
202105070258,1814.3,1814.7,1814.3,1814.7,1814.7,1815.1,1814.7,1815.1
202105070259,1814.7,1814.7,1814.5,1814.7,1815.1,1815.1,1814.9,1815.1
202105070300,1814.7,1814.7,1814.4,1814.6,1815.1,1815.1,1814.8,1815
202105070301,1814.6,1814.6,1814.4,1814.6,1815,1815,1814.8,1815
202105070302,1814.6,1814.8,1814.6,1814.7,1815,1815.2,1815,1815.1
202105070303,1814.7,1814.8,1814.5,1814.7,1815.1,1815.2,1814.9,1815.1
202105070304,1814.7,1814.9,1814.7,1814.8,1815.1,1815.3,1815.1,1815.2
202105070305,1814.8,1814.9,1814.8,1814.9,1815.2,1815.3,1815.2,1815.3
202105070306,1814.9,1815.2,1814.8,1815.2,1815.3,1815.6,1815.2,1815.6
202105070307,1815.2,1815.2,1815,1815,1815.6,1815.6,1815.4,1815.4
202105070308,1815,1815,1814.8,1815,1815.4,1815.4,1815.2,1815.4
202105070309,1815,1815,1814.9,1815,1815.4,1815.4,1815.3,1815.4
202105070310,1815,1815.1,1814.9,1815,1815.4,1815.5,1815.3,1815.4
202105070311,1815,1815.1,1814.9,1814.9,1815.4,1815.5,1815.3,1815.3
202105070312,1814.9,1815,1813.8,1813.9,1815.3,1815.4,1814.2,1814.3
202105070313,1813.9,1814,1813.4,1813.7,1814.3,1814.4,1813.8,1814.1
202105070314,1813.7,1814,1813.7,1813.7,1814.1,1814.4,1814.1,1814.1
202105070315,1813.7,1814.2,1813.7,1814.2,1814.1,1814.6,1814.1,1814.6
202105070316,1814.2,1814.5,1814.1,1814.1,1814.6,1814.9,1814.5,1814.5
202105070317,1814.1,1814.1,1813.7,1813.7,1814.5,1814.5,1814.1,1814.1
202105070318,1813.7,1813.8,1813.3,1813.3,1814.1,1814.2,1813.7,1813.7
202105070319,1813.3,1813.6,1813.3,1813.4,1813.7,1814,1813.7,1813.8
202105070320,1813.4,1813.4,1813.1,1813.1,1813.8,1813.8,1813.5,1813.5
202105070321,1813.1,1813.1,1813,1813.1,1813.5,1813.5,1813.4,1813.5
202105070322,1813,1813.5,1812.9,1813.4,1813.4,1813.9,1813.3,1813.8
202105070323,1813.4,1813.5,1813.1,1813.4,1813.8,1813.9,1813.5,1813.8
202105070324,1813.4,1813.4,1813.3,1813.4,1813.8,1813.8,1813.7,1813.8
202105070325,1813.4,1813.7,1813.4,1813.6,1813.8,1814.1,1813.8,1814
202105070326,1813.6,1813.7,1813.5,1813.5,1814,1814.1,1813.9,1813.9
202105070327,1813.5,1813.8,1813.5,1813.7,1813.9,1814.2,1813.9,1814.1
202105070328,1813.7,1813.8,1813.5,1813.5,1814.1,1814.2,1813.9,1813.9
202105070329,1813.5,1813.9,1813.4,1813.7,1813.9,1814.3,1813.8,1814.1
202105070330,1813.7,1814.1,1813.4,1814,1814.1,1814.5,1813.8,1814.4
202105070331,1814,1814.5,1814,1814.5,1814.4,1814.9,1814.4,1814.9
202105070332,1814.5,1814.7,1814.5,1814.7,1814.9,1815.1,1814.9,1815.1
202105070333,1814.7,1814.7,1814.5,1814.6,1815.1,1815.1,1814.9,1815
202105070334,1814.6,1814.6,1814.4,1814.4,1815,1815,1814.8,1814.8
202105070335,1814.4,1814.6,1814.4,1814.5,1814.8,1815,1814.8,1814.9
202105070336,1814.5,1814.6,1814.4,1814.4,1814.9,1815,1814.8,1814.8
202105070337,1814.4,1814.4,1814.2,1814.2,1814.8,1814.8,1814.6,1814.6
202105070338,1814.2,1814.2,1814.1,1814.2,1814.6,1814.6,1814.5,1814.6
202105070339,1814.2,1814.2,1814.1,1814.2,1814.6,1814.6,1814.5,1814.6
202105070340,1814.2,1814.3,1814.2,1814.3,1814.6,1814.7,1814.6,1814.7
202105070341,1814.3,1814.5,1814.3,1814.3,1814.7,1814.9,1814.7,1814.7
202105070342,1814.3,1814.5,1814.3,1814.3,1814.7,1814.9,1814.7,1814.7
202105070343,1814.3,1814.5,1814.1,1814.5,1814.7,1814.9,1814.5,1814.9
202105070344,1814.5,1814.6,1814.4,1814.4,1814.9,1815,1814.8,1814.8
202105070345,1814.4,1814.7,1814.4,1814.6,1814.8,1815.1,1814.8,1815
202105070346,1814.6,1814.6,1814.5,1814.5,1815,1815,1814.9,1814.9
202105070347,1814.5,1814.6,1814.5,1814.6,1814.9,1815,1814.9,1815
202105070348,1814.6,1814.7,1814.6,1814.6,1815,1815.1,1815,1815
202105070349,1814.6,1814.7,1814.5,1814.6,1815,1815.1,1814.9,1815
202105070350,1814.6,1814.6,1814.5,1814.5,1815,1815,1814.9,1814.9
202105070351,1814.5,1814.5,1814.4,1814.5,1814.9,1814.9,1814.8,1814.9
202105070352,1814.5,1814.5,1813.9,1814.2,1814.9,1814.9,1814.3,1814.6
202105070353,1814.2,1814.3,1814,1814.3,1814.6,1814.7,1814.4,1814.7
202105070354,1814.3,1814.5,1814.2,1814.5,1814.7,1814.9,1814.6,1814.9
202105070355,1814.5,1814.6,1814.4,1814.5,1814.9,1815,1814.8,1814.9
202105070356,1814.5,1814.5,1814.4,1814.4,1814.9,1814.9,1814.8,1814.8
202105070357,1814.4,1814.4,1813.6,1813.6,1814.8,1814.8,1814,1814
202105070358,1813.6,1813.7,1813.4,1813.4,1814,1814.1,1813.8,1813.8
202105070359,1813.2,1814.1,1812.9,1813.9,1813.6,1814.5,1813.3,1814.3
202105070400,1813.8,1814.2,1813.8,1814.1,1814.2,1814.6,1814.2,1814.5
202105070401,1814.1,1814.5,1814,1814,1814.5,1814.9,1814.4,1814.4
202105070402,1814,1814,1813.6,1813.6,1814.4,1814.4,1814,1814
202105070403,1813.6,1813.7,1813,1813,1814,1814.1,1813.4,1813.4
202105070404,1813,1813.1,1812.7,1812.7,1813.4,1813.5,1813.1,1813.1
202105070405,1812.8,1813.3,1812.7,1813.3,1813.2,1813.7,1813.1,1813.7
202105070406,1813.3,1813.7,1813.2,1813.7,1813.7,1814.1,1813.6,1814.1
202105070407,1813.7,1813.9,1813.4,1813.8,1814.1,1814.3,1813.8,1814.2
202105070408,1813.8,1813.8,1813.6,1813.6,1814.2,1814.2,1814,1814
202105070409,1813.6,1813.6,1813.6,1813.6,1814,1814,1814,1814
202105070410,1813.6,1813.9,1813.6,1813.8,1814,1814.3,1814,1814.2
202105070411,1813.8,1813.9,1813.7,1813.9,1814.2,1814.3,1814.1,1814.3
202105070412,1813.9,1814.3,1813.9,1814.3,1814.3,1814.7,1814.3,1814.7
202105070413,1814.3,1814.3,1813.9,1813.9,1814.7,1814.7,1814.3,1814.3
202105070414,1813.9,1814,1813.8,1813.9,1814.3,1814.4,1814.2,1814.3
202105070415,1813.9,1814.2,1813.9,1814.2,1814.3,1814.6,1814.3,1814.6
202105070416,1814.2,1814.3,1813.7,1813.7,1814.6,1814.7,1814.1,1814.1
202105070417,1813.7,1813.8,1813.5,1813.5,1814.1,1814.2,1813.9,1813.9
202105070418,1813.5,1813.8,1813.5,1813.6,1813.9,1814.2,1813.9,1814
202105070419,1813.6,1813.7,1813.6,1813.6,1814,1814.1,1814,1814
202105070420,1813.6,1813.7,1813.6,1813.6,1814,1814.1,1814,1814
202105070421,1813.6,1813.7,1813.5,1813.5,1814,1814.1,1813.9,1813.9
202105070422,1813.5,1813.7,1813.4,1813.7,1813.9,1814.1,1813.8,1814.1
202105070423,1813.7,1813.7,1813.4,1813.6,1814.1,1814.1,1813.8,1814
202105070424,1813.6,1813.8,1813.5,1813.5,1814,1814.2,1813.9,1813.9
202105070425,1813.5,1813.6,1813.5,1813.6,1813.9,1814,1813.9,1814
202105070426,1813.6,1814,1813.6,1813.8,1814,1814.4,1814,1814.2
202105070427,1813.7,1813.7,1813.1,1813.2,1814.1,1814.1,1813.5,1813.6
202105070428,1813.2,1813.6,1813.2,1813.4,1813.6,1814,1813.6,1813.8
202105070429,1813.4,1813.9,1813.1,1813.9,1813.8,1814.3,1813.5,1814.3
202105070430,1813.9,1814.1,1813.8,1814,1814.3,1814.5,1814.2,1814.4
202105070431,1814,1814.2,1813.9,1814.2,1814.4,1814.6,1814.3,1814.6
202105070432,1814.2,1814.3,1814.2,1814.3,1814.6,1814.7,1814.6,1814.7
202105070433,1814.3,1814.3,1814.2,1814.2,1814.7,1814.7,1814.6,1814.6
202105070434,1814.2,1814.4,1814.2,1814.4,1814.6,1814.8,1814.6,1814.8
202105070435,1814.4,1814.7,1814.4,1814.7,1814.8,1815.1,1814.8,1815.1
202105070436,1814.7,1814.8,1814.7,1814.7,1815.1,1815.2,1815.1,1815.1
202105070437,1814.7,1814.8,1814.5,1814.5,1815.1,1815.2,1814.9,1814.9
202105070438,1814.5,1814.5,1814.3,1814.4,1814.9,1814.9,1814.7,1814.8
202105070439,1814.4,1814.6,1814.4,1814.5,1814.8,1815,1814.8,1814.9
202105070440,1814.5,1814.7,1814.5,1814.7,1814.9,1815.1,1814.9,1815.1
202105070441,1814.7,1814.7,1814.6,1814.6,1815.1,1815.1,1815,1815
202105070442,1814.6,1814.7,1814.5,1814.7,1815,1815.1,1814.9,1815.1
202105070443,1814.7,1814.7,1814.5,1814.7,1815.1,1815.1,1814.9,1815.1
202105070444,1814.7,1814.7,1814.6,1814.6,1815.1,1815.1,1815,1815
202105070445,1814.6,1814.7,1814.5,1814.5,1815,1815.1,1814.9,1814.9
202105070446,1814.5,1814.7,1814,1814.7,1814.9,1815.1,1814.4,1815.1
202105070447,1814.7,1814.7,1814.1,1814.2,1815.1,1815.1,1814.5,1814.6
202105070448,1814.2,1814.3,1814.2,1814.2,1814.6,1814.7,1814.6,1814.6
202105070449,1814.2,1814.4,1814.1,1814.4,1814.6,1814.8,1814.5,1814.8
202105070450,1814.4,1814.6,1814.4,1814.5,1814.8,1815,1814.8,1814.9
202105070451,1814.5,1814.6,1814.4,1814.6,1814.9,1815,1814.8,1815
202105070452,1814.6,1814.7,1814.5,1814.6,1815,1815.1,1814.9,1815
202105070453,1814.5,1814.5,1813.8,1814,1814.9,1814.9,1814.2,1814.4
202105070454,1814,1814.2,1813.9,1814.1,1814.4,1814.6,1814.3,1814.5
202105070455,1814.1,1814.3,1814,1814,1814.5,1814.7,1814.4,1814.4
202105070456,1814,1814.1,1813.9,1814.1,1814.4,1814.5,1814.3,1814.5
202105070457,1814.1,1814.2,1814,1814.1,1814.5,1814.6,1814.4,1814.5
202105070458,1814,1814.9,1814,1814.9,1814.4,1815.3,1814.4,1815.3
202105070459,1814.9,1815.2,1814.7,1815.2,1815.3,1815.6,1815.1,1815.6
202105070500,1815.2,1815.2,1814.4,1814.8,1815.6,1815.6,1814.8,1815.2
202105070501,1814.8,1814.9,1814.8,1814.8,1815.2,1815.3,1815.2,1815.2
202105070502,1814.8,1814.8,1814.4,1814.4,1815.2,1815.2,1814.8,1814.8
202105070503,1814.4,1814.5,1814.3,1814.4,1814.8,1814.9,1814.7,1814.8
202105070504,1814.4,1814.5,1814.4,1814.5,1814.8,1814.9,1814.8,1814.9
202105070505,1814.5,1814.7,1814.4,1814.6,1814.9,1815.1,1814.8,1815
202105070506,1814.6,1814.6,1814,1814,1815,1815,1814.4,1814.4
202105070507,1814,1814.4,1814,1814.4,1814.4,1814.8,1814.4,1814.8
202105070508,1814.4,1814.7,1814.4,1814.4,1814.8,1815.1,1814.8,1814.8
202105070509,1814.4,1814.5,1814.3,1814.5,1814.8,1814.9,1814.7,1814.9
202105070510,1814.5,1815.1,1814.5,1815,1814.9,1815.5,1814.9,1815.4
202105070511,1815,1815.1,1814.9,1814.9,1815.4,1815.5,1815.3,1815.3
202105070512,1814.9,1814.9,1814.8,1814.8,1815.3,1815.3,1815.2,1815.2
202105070513,1814.8,1814.8,1814.6,1814.6,1815.2,1815.2,1815,1815
202105070514,1814.6,1814.8,1814.6,1814.8,1815,1815.2,1815,1815.2
202105070515,1814.8,1814.8,1814.5,1814.6,1815.2,1815.2,1814.9,1815
202105070516,1814.6,1814.6,1814.3,1814.4,1815,1815,1814.7,1814.8
202105070517,1814.4,1814.4,1814.2,1814.2,1814.8,1814.8,1814.6,1814.6
202105070518,1814.2,1814.3,1814.2,1814.3,1814.6,1814.7,1814.6,1814.7
202105070519,1814.3,1814.4,1814.2,1814.2,1814.7,1814.8,1814.6,1814.6
202105070520,1814.2,1814.5,1814.2,1814.4,1814.6,1814.9,1814.6,1814.8
202105070521,1814.4,1814.4,1814.4,1814.4,1814.8,1814.8,1814.8,1814.8
202105070522,1814.4,1814.7,1814.4,1814.5,1814.8,1815.1,1814.8,1814.9
202105070523,1814.5,1814.9,1814.5,1814.8,1814.9,1815.3,1814.9,1815.2
202105070524,1814.8,1814.8,1814.6,1814.6,1815.2,1815.2,1815,1815
202105070525,1814.6,1814.8,1814.5,1814.8,1815,1815.2,1814.9,1815.2
202105070526,1814.8,1814.8,1814.4,1814.4,1815.2,1815.2,1814.8,1814.8
202105070527,1814.4,1814.4,1814,1814.1,1814.8,1814.8,1814.4,1814.5
202105070528,1814.1,1814.2,1813.8,1814.2,1814.5,1814.6,1814.2,1814.6
202105070529,1814.2,1814.7,1814.2,1814.7,1814.6,1815.1,1814.6,1815.1
202105070530,1814.7,1815.4,1814.6,1814.7,1815.1,1815.8,1815,1815.1
202105070531,1814.7,1814.9,1814.6,1814.9,1815.1,1815.3,1815,1815.3
202105070532,1814.9,1815.3,1814.9,1815.2,1815.3,1815.7,1815.3,1815.6
202105070533,1815.2,1815.2,1815.1,1815.1,1815.6,1815.6,1815.5,1815.5
202105070534,1815.1,1815.2,1815,1815.1,1815.5,1815.6,1815.4,1815.5
202105070535,1815.1,1815.6,1815.1,1815.4,1815.5,1816,1815.5,1815.8
202105070536,1815.4,1815.5,1815.3,1815.3,1815.8,1815.9,1815.7,1815.7
202105070537,1815.3,1815.6,1815.3,1815.6,1815.7,1816,1815.7,1816
202105070538,1815.6,1815.6,1815.3,1815.4,1816,1816,1815.7,1815.8
202105070539,1815.4,1815.4,1815.1,1815.1,1815.8,1815.8,1815.5,1815.5
202105070540,1815.1,1815.5,1815.1,1815.3,1815.5,1815.9,1815.5,1815.7
202105070541,1815.3,1815.4,1815.1,1815.1,1815.7,1815.8,1815.5,1815.5
202105070542,1815.1,1815.2,1815.1,1815.1,1815.5,1815.6,1815.5,1815.5
202105070543,1815.1,1815.3,1815.1,1815.2,1815.5,1815.7,1815.5,1815.6
202105070544,1815.2,1815.3,1815.2,1815.3,1815.6,1815.7,1815.6,1815.7
202105070545,1815.3,1815.5,1815.3,1815.4,1815.7,1815.9,1815.7,1815.8
202105070546,1815.4,1815.5,1815.4,1815.4,1815.8,1815.9,1815.8,1815.8
202105070547,1815.4,1815.4,1815.4,1815.4,1815.8,1815.8,1815.8,1815.8
202105070548,1815.4,1815.5,1815.2,1815.5,1815.8,1815.9,1815.6,1815.9
202105070549,1815.5,1815.5,1815.3,1815.4,1815.9,1815.9,1815.7,1815.8
202105070550,1815.4,1815.9,1815.4,1815.7,1815.8,1816.3,1815.8,1816.1
202105070551,1815.7,1815.7,1815.5,1815.5,1816.1,1816.1,1815.9,1815.9
202105070552,1815.5,1815.5,1815,1815,1815.9,1815.9,1815.4,1815.4
202105070553,1815,1815,1814.9,1815,1815.4,1815.4,1815.3,1815.4
202105070554,1814.9,1815.1,1814.9,1815.1,1815.3,1815.5,1815.3,1815.5
202105070555,1815.1,1815.2,1814.8,1815,1815.5,1815.6,1815.2,1815.4
202105070556,1815,1815,1814.6,1814.6,1815.4,1815.4,1815,1815
202105070557,1814.6,1814.6,1814.5,1814.6,1815,1815.1,1814.9,1815
202105070558,1814.6,1814.9,1814.4,1814.8,1815,1815.4,1814.8,1815.3
202105070559,1814.7,1815,1814.6,1814.6,1815.3,1815.7,1815.1,1815.7
