日時,始値(BID),高値(BID),安値(BID),終値(BID),始値(ASK),高値(ASK),安値(ASK),終値(ASK)
201808310700,1200.3,1200.5,1200.1,1200.5,1200.7,1200.9,1200.5,1200.9
201808310701,1200.5,1200.5,1200.2,1200.3,1200.9,1200.9,1200.6,1200.7
201808310702,1200.3,1200.3,1200.3,1200.3,1200.7,1200.7,1200.7,1200.7
201808310703,1200.2,1200.2,1200.1,1200.1,1200.6,1200.6,1200.5,1200.5
201808310704,1200.1,1200.1,1200,1200,1200.5,1200.5,1200.4,1200.4
201808310705,1200,1200.2,1199.9,1200.1,1200.4,1200.6,1200.3,1200.5
201808310706,1200.1,1200.1,1200,1200,1200.5,1200.5,1200.4,1200.4
201808310707,1200,1200.1,1200,1200.1,1200.4,1200.5,1200.4,1200.5
201808310708,1200.1,1200.1,1200,1200.1,1200.5,1200.5,1200.4,1200.5
201808310709,1200.1,1200.1,1200,1200,1200.5,1200.5,1200.4,1200.4
201808310710,1200,1200,1200,1200,1200.4,1200.4,1200.4,1200.4
201808310711,1200,1200.2,1199.9,1200.2,1200.4,1200.6,1200.3,1200.6
201808310712,1200.2,1200.4,1200.2,1200.3,1200.6,1200.8,1200.6,1200.7
201808310713,1200.3,1200.4,1200.3,1200.3,1200.7,1200.8,1200.7,1200.7
201808310714,1200.3,1200.3,1200.3,1200.3,1200.7,1200.7,1200.7,1200.7
201808310715,1200.3,1200.3,1200.2,1200.2,1200.7,1200.7,1200.6,1200.6
201808310716,1200.2,1200.2,1200.1,1200.2,1200.6,1200.6,1200.5,1200.6
201808310717,1200.2,1200.2,1200.2,1200.2,1200.6,1200.6,1200.6,1200.6
201808310718,1200.2,1200.2,1200.1,1200.1,1200.6,1200.6,1200.5,1200.5
201808310719,1200.1,1200.1,1200,1200,1200.5,1200.5,1200.4,1200.4
201808310720,1200.1,1200.1,1200,1200,1200.5,1200.5,1200.4,1200.4
201808310721,1200,1200,1200,1200,1200.4,1200.4,1200.4,1200.4
201808310722,1200,1200,1199.9,1199.9,1200.4,1200.4,1200.3,1200.3
201808310723,1199.9,1199.9,1199.7,1199.7,1200.3,1200.3,1200.1,1200.1
201808310724,1199.7,1199.9,1199.7,1199.9,1200.1,1200.3,1200.1,1200.3
201808310725,1199.9,1200.1,1199.9,1200.1,1200.3,1200.5,1200.3,1200.5
201808310726,1200.1,1200.1,1200.1,1200.1,1200.5,1200.5,1200.5,1200.5
201808310727,1200.1,1200.1,1200.1,1200.1,1200.5,1200.5,1200.5,1200.5
201808310728,1200.1,1200.1,1200.1,1200.1,1200.5,1200.5,1200.5,1200.5
201808310729,1200.1,1200.1,1200.1,1200.1,1200.5,1200.5,1200.5,1200.5
201808310730,1200.1,1200.2,1200.1,1200.2,1200.5,1200.6,1200.5,1200.6
201808310731,1200.2,1200.2,1200.1,1200.1,1200.6,1200.6,1200.5,1200.5
201808310732,1200.1,1200.2,1200.1,1200.2,1200.5,1200.6,1200.5,1200.6
201808310733,1200.1,1200.2,1200.1,1200.2,1200.5,1200.6,1200.5,1200.6
201808310734,1200.2,1200.2,1200.1,1200.1,1200.6,1200.6,1200.5,1200.5
201808310735,1200.1,1200.2,1200.1,1200.1,1200.5,1200.6,1200.5,1200.5
201808310736,1200.1,1200.1,1200.1,1200.1,1200.5,1200.5,1200.5,1200.5
201808310737,1200.1,1200.1,1199.9,1200,1200.5,1200.5,1200.3,1200.4
201808310738,1200,1200.1,1200,1200.1,1200.4,1200.5,1200.4,1200.5
201808310739,1200.1,1200.2,1200.1,1200.2,1200.5,1200.6,1200.5,1200.6
201808310740,1200.2,1200.2,1200.2,1200.2,1200.6,1200.6,1200.6,1200.6
201808310741,1200.2,1200.3,1200.1,1200.1,1200.6,1200.7,1200.5,1200.5
201808310742,1200.2,1200.3,1200.2,1200.3,1200.6,1200.7,1200.6,1200.7
201808310743,1200.3,1200.4,1200.3,1200.3,1200.7,1200.8,1200.7,1200.7
201808310744,1200.3,1200.5,1200.2,1200.4,1200.7,1200.9,1200.6,1200.8
201808310745,1200.5,1200.5,1200.2,1200.2,1200.9,1200.9,1200.6,1200.6
201808310746,1200.2,1200.2,1200.1,1200.1,1200.6,1200.6,1200.5,1200.5
201808310747,1200.1,1200.2,1200.1,1200.2,1200.5,1200.6,1200.5,1200.6
201808310748,1200.2,1200.2,1200,1200,1200.6,1200.6,1200.4,1200.4
201808310749,1200,1200.1,1200,1200.1,1200.4,1200.5,1200.4,1200.5
201808310750,1200.1,1200.1,1200,1200,1200.5,1200.5,1200.4,1200.4
201808310751,1200,1200.1,1199.9,1199.9,1200.4,1200.5,1200.3,1200.3
201808310752,1199.9,1199.9,1199.8,1199.8,1200.3,1200.3,1200.2,1200.2
201808310753,1199.8,1200,1199.8,1200,1200.2,1200.4,1200.2,1200.4
201808310754,1200,1200.1,1200,1200,1200.4,1200.5,1200.4,1200.4
201808310755,1200,1200,1200,1200,1200.4,1200.4,1200.4,1200.4
201808310756,1200,1200,1200,1200,1200.4,1200.4,1200.4,1200.4
201808310757,1200,1200,1199.9,1199.9,1200.4,1200.4,1200.3,1200.3
201808310758,1199.9,1200,1199.9,1199.9,1200.3,1200.4,1200.3,1200.3
201808310759,1199.9,1199.9,1199.7,1199.7,1200.3,1200.3,1200.1,1200.1
201808310800,1199.7,1199.8,1199.7,1199.7,1200.1,1200.2,1200.1,1200.1
201808310801,1199.7,1199.8,1199.7,1199.7,1200.1,1200.2,1200.1,1200.1
201808310802,1199.7,1199.8,1199.7,1199.7,1200.1,1200.2,1200.1,1200.1
201808310803,1199.7,1199.8,1199.7,1199.8,1200.1,1200.2,1200.1,1200.2
201808310804,1199.8,1199.9,1199.8,1199.8,1200.2,1200.3,1200.2,1200.2
201808310805,1199.8,1199.9,1199.8,1199.9,1200.2,1200.3,1200.2,1200.3
201808310806,1199.9,1199.9,1199.8,1199.9,1200.3,1200.3,1200.2,1200.3
201808310807,1199.9,1199.9,1199.7,1199.7,1200.3,1200.3,1200.1,1200.1
201808310808,1199.7,1199.7,1199.7,1199.7,1200.1,1200.1,1200.1,1200.1
201808310809,1199.6,1199.7,1199.6,1199.7,1200,1200.1,1200,1200.1
201808310810,1199.7,1199.7,1199.7,1199.7,1200.1,1200.1,1200.1,1200.1
201808310811,1199.7,1199.7,1199.4,1199.5,1200.1,1200.1,1199.8,1199.9
201808310812,1199.5,1199.6,1199.4,1199.6,1199.9,1200,1199.8,1200
201808310813,1199.6,1199.6,1199.5,1199.6,1200,1200,1199.9,1200
201808310814,1199.6,1199.9,1199.6,1199.9,1200,1200.3,1200,1200.3
201808310815,1199.9,1200,1199.9,1199.9,1200.3,1200.4,1200.3,1200.3
201808310816,1199.9,1199.9,1199.6,1199.7,1200.3,1200.3,1200,1200.1
201808310817,1199.7,1199.7,1199.6,1199.6,1200.1,1200.1,1200,1200
201808310818,1199.6,1199.7,1199.6,1199.6,1200,1200.1,1200,1200
201808310819,1199.6,1199.7,1199.6,1199.6,1200,1200.1,1200,1200
201808310820,1199.6,1199.7,1199.6,1199.6,1200,1200.1,1200,1200
201808310821,1199.6,1199.6,1199.5,1199.6,1200,1200,1199.9,1200
201808310822,1199.6,1199.6,1199.5,1199.5,1200,1200,1199.9,1199.9
201808310823,1199.5,1199.5,1199.5,1199.5,1199.9,1199.9,1199.9,1199.9
201808310824,1199.5,1199.6,1199.5,1199.5,1199.9,1200,1199.9,1199.9
201808310825,1199.5,1199.6,1199.5,1199.6,1199.9,1200,1199.9,1200
201808310826,1199.6,1199.6,1199.6,1199.6,1200,1200,1200,1200
201808310827,1199.6,1199.6,1199.6,1199.6,1200,1200,1200,1200
201808310828,1199.6,1199.7,1199.6,1199.7,1200,1200.1,1200,1200.1
201808310829,1199.7,1199.7,1199.6,1199.6,1200.1,1200.1,1200,1200
201808310830,1199.6,1199.8,1199.6,1199.8,1200,1200.2,1200,1200.2
201808310831,1199.8,1199.8,1199.7,1199.7,1200.2,1200.2,1200.1,1200.1
201808310832,1199.7,1199.8,1199.7,1199.8,1200.1,1200.2,1200.1,1200.2
201808310833,1199.8,1199.8,1199.8,1199.8,1200.2,1200.2,1200.2,1200.2
201808310834,1199.8,1199.8,1199.8,1199.8,1200.2,1200.2,1200.2,1200.2
201808310835,1199.8,1199.8,1199.8,1199.8,1200.2,1200.2,1200.2,1200.2
201808310836,1199.8,1199.8,1199.7,1199.7,1200.2,1200.2,1200.1,1200.1
201808310837,1199.7,1199.8,1199.7,1199.8,1200.1,1200.2,1200.1,1200.2
201808310838,1199.8,1199.9,1199.8,1199.9,1200.2,1200.3,1200.2,1200.3
201808310839,1199.9,1200,1199.9,1200,1200.3,1200.4,1200.3,1200.4
201808310840,1200,1200.1,1199.8,1199.9,1200.4,1200.5,1200.2,1200.3
201808310841,1199.9,1200,1199.9,1199.9,1200.3,1200.4,1200.3,1200.3
201808310842,1199.9,1200.1,1199.9,1200.1,1200.3,1200.5,1200.3,1200.5
201808310843,1200.1,1200.2,1200.1,1200.2,1200.5,1200.6,1200.5,1200.6
201808310844,1200.2,1200.2,1200.1,1200.1,1200.6,1200.6,1200.5,1200.5
201808310845,1200.1,1200.1,1200,1200,1200.5,1200.5,1200.4,1200.4
201808310846,1200,1200,1199.7,1199.7,1200.4,1200.4,1200.1,1200.1
201808310847,1199.7,1199.7,1199.6,1199.6,1200.1,1200.1,1200,1200
201808310848,1199.6,1199.7,1199.5,1199.6,1200,1200.1,1199.9,1200
201808310849,1199.6,1199.9,1199.6,1199.9,1200,1200.3,1200,1200.3
201808310850,1199.9,1199.9,1199.9,1199.9,1200.3,1200.3,1200.3,1200.3
201808310851,1199.9,1199.9,1199.7,1199.7,1200.3,1200.3,1200.1,1200.1
201808310852,1199.8,1199.8,1199.6,1199.7,1200.2,1200.2,1200,1200.1
201808310853,1199.7,1200,1199.7,1200,1200.1,1200.4,1200.1,1200.4
201808310854,1199.9,1200,1199.9,1200,1200.3,1200.4,1200.3,1200.4
201808310855,1200,1200.2,1200,1200.2,1200.4,1200.6,1200.4,1200.6
201808310856,1200.2,1200.2,1200.1,1200.1,1200.6,1200.6,1200.5,1200.5
201808310857,1200.1,1200.1,1200.1,1200.1,1200.5,1200.5,1200.5,1200.5
201808310858,1200.1,1200.1,1199.8,1200,1200.5,1200.5,1200.2,1200.4
201808310859,1200,1200,1199.8,1199.8,1200.4,1200.4,1200.2,1200.2
201808310900,1199.8,1200.1,1199.7,1200,1200.2,1200.5,1200.1,1200.4
201808310901,1200,1200.1,1199.9,1200.1,1200.4,1200.5,1200.3,1200.5
201808310902,1200.1,1200.1,1200,1200.1,1200.5,1200.5,1200.4,1200.5
201808310903,1200.1,1200.1,1199.6,1199.9,1200.5,1200.5,1200,1200.3
201808310904,1199.9,1200.3,1199.8,1200.3,1200.3,1200.7,1200.2,1200.7
201808310905,1200.3,1200.3,1199.9,1200.2,1200.7,1200.7,1200.3,1200.6
201808310906,1200.1,1200.1,1199.5,1199.6,1200.5,1200.5,1199.9,1200
201808310907,1199.6,1199.6,1199.2,1199.3,1200,1200,1199.6,1199.7
201808310908,1199.3,1199.3,1199.2,1199.2,1199.7,1199.7,1199.6,1199.6
201808310909,1199.2,1199.3,1198.9,1198.9,1199.6,1199.7,1199.3,1199.3
201808310910,1198.9,1199.3,1198.9,1199.3,1199.3,1199.7,1199.3,1199.7
201808310911,1199.4,1199.5,1199.2,1199.2,1199.8,1199.9,1199.6,1199.6
201808310912,1199.2,1199.5,1199.1,1199.1,1199.6,1199.9,1199.5,1199.5
201808310913,1199.1,1199.2,1199,1199,1199.5,1199.6,1199.4,1199.4
201808310914,1199,1199.5,1199,1199.5,1199.4,1199.9,1199.4,1199.9
201808310915,1199.5,1199.6,1199.3,1199.3,1199.9,1200,1199.7,1199.7
201808310916,1199.3,1199.3,1199.1,1199.2,1199.7,1199.7,1199.5,1199.6
201808310917,1199.2,1199.4,1199,1199.4,1199.6,1199.8,1199.4,1199.8
201808310918,1199.4,1199.4,1199.2,1199.3,1199.8,1199.8,1199.6,1199.7
201808310919,1199.3,1199.5,1199.3,1199.4,1199.7,1199.9,1199.7,1199.8
201808310920,1199.4,1199.5,1199.4,1199.5,1199.8,1199.9,1199.8,1199.9
201808310921,1199.5,1199.6,1199.5,1199.5,1199.9,1200,1199.9,1199.9
201808310922,1199.5,1199.5,1199.2,1199.4,1199.9,1199.9,1199.6,1199.8
201808310923,1199.4,1199.6,1199.4,1199.6,1199.8,1200,1199.8,1200
201808310924,1199.6,1199.7,1199.6,1199.6,1200,1200.1,1200,1200
201808310925,1199.6,1199.7,1199.6,1199.7,1200,1200.1,1200,1200.1
201808310926,1199.7,1199.7,1199.3,1199.3,1200.1,1200.1,1199.7,1199.7
201808310927,1199.3,1199.3,1198.6,1198.7,1199.7,1199.7,1199,1199.1
201808310928,1198.6,1198.8,1198.6,1198.8,1199,1199.2,1199,1199.2
201808310929,1198.8,1198.8,1198.4,1198.6,1199.2,1199.2,1198.8,1199
201808310930,1198.7,1198.7,1198.5,1198.6,1199.1,1199.1,1198.9,1199
201808310931,1198.6,1198.8,1198.6,1198.8,1199,1199.2,1199,1199.2
201808310932,1198.8,1199,1198.8,1199,1199.2,1199.4,1199.2,1199.4
201808310933,1199,1199,1198.8,1199,1199.4,1199.4,1199.2,1199.4
201808310934,1199,1199.2,1198.9,1199.2,1199.4,1199.6,1199.3,1199.6
201808310935,1199.2,1199.3,1199.1,1199.1,1199.6,1199.7,1199.5,1199.5
201808310936,1199.1,1199.3,1198.9,1199,1199.5,1199.7,1199.3,1199.4
201808310937,1199,1199,1198.6,1198.7,1199.4,1199.4,1199,1199.1
201808310938,1198.7,1198.8,1198.5,1198.8,1199.1,1199.2,1198.9,1199.2
201808310939,1198.8,1199,1198.7,1198.7,1199.2,1199.4,1199.1,1199.1
201808310940,1198.7,1198.9,1198.7,1198.7,1199.1,1199.3,1199.1,1199.1
201808310941,1198.7,1198.7,1198.7,1198.7,1199.1,1199.1,1199.1,1199.1
201808310942,1198.7,1198.9,1198.7,1198.9,1199.1,1199.3,1199.1,1199.3
201808310943,1198.9,1199,1198.8,1199,1199.3,1199.4,1199.2,1199.4
201808310944,1199,1199.3,1199,1199.3,1199.4,1199.7,1199.4,1199.7
201808310945,1199.3,1199.4,1199.3,1199.4,1199.7,1199.8,1199.7,1199.8
201808310946,1199.4,1199.4,1199.3,1199.3,1199.8,1199.8,1199.7,1199.7
201808310947,1199.3,1199.6,1199.3,1199.6,1199.7,1200,1199.7,1200
201808310948,1199.6,1199.6,1199.3,1199.6,1200,1200,1199.7,1200
201808310949,1199.6,1199.8,1199.6,1199.7,1200,1200.2,1200,1200.1
201808310950,1199.7,1199.7,1199.6,1199.6,1200.1,1200.1,1200,1200
201808310951,1199.6,1199.7,1199.5,1199.6,1200,1200.1,1199.9,1200
201808310952,1199.6,1199.6,1199.4,1199.4,1200,1200,1199.8,1199.8
201808310953,1199.4,1199.5,1199.3,1199.4,1199.8,1199.9,1199.7,1199.8
201808310954,1199.4,1199.8,1199.4,1199.7,1199.8,1200.2,1199.8,1200.1
201808310955,1199.6,1199.7,1199.5,1199.5,1200,1200.1,1199.9,1199.9
201808310956,1199.5,1199.5,1199.2,1199.4,1199.9,1199.9,1199.6,1199.8
201808310957,1199.4,1199.4,1199.2,1199.3,1199.8,1199.8,1199.6,1199.7
201808310958,1199.3,1199.4,1199.2,1199.2,1199.7,1199.8,1199.6,1199.6
201808310959,1199.2,1199.4,1199.2,1199.2,1199.6,1199.8,1199.6,1199.6
201808311000,1199.2,1199.4,1198.9,1199.1,1199.6,1199.8,1199.3,1199.5
201808311001,1199.1,1199.3,1198.8,1199.2,1199.5,1199.7,1199.2,1199.6
201808311002,1199.2,1199.9,1199.2,1199.7,1199.6,1200.3,1199.6,1200.1
201808311003,1199.7,1199.7,1199.3,1199.5,1200.1,1200.1,1199.7,1199.9
201808311004,1199.5,1199.8,1199.5,1199.5,1199.9,1200.2,1199.9,1199.9
201808311005,1199.6,1199.8,1199.5,1199.5,1200,1200.2,1199.9,1199.9
201808311006,1199.5,1199.6,1199.2,1199.2,1199.9,1200,1199.6,1199.6
201808311007,1199.2,1199.3,1199.2,1199.3,1199.6,1199.7,1199.6,1199.7
201808311008,1199.3,1199.4,1199.1,1199.1,1199.7,1199.8,1199.5,1199.5
201808311009,1199.1,1199.4,1199.1,1199.1,1199.5,1199.8,1199.5,1199.5
201808311010,1199.1,1199.3,1199,1199.3,1199.5,1199.7,1199.4,1199.7
201808311011,1199.3,1199.4,1199.2,1199.4,1199.7,1199.8,1199.6,1199.8
201808311012,1199.4,1199.4,1199.3,1199.4,1199.8,1199.8,1199.7,1199.8
201808311013,1199.4,1199.6,1199.3,1199.5,1199.8,1200,1199.7,1199.9
201808311014,1199.5,1199.6,1199.5,1199.5,1199.9,1200,1199.9,1199.9
201808311015,1199.5,1200.5,1199.5,1200.2,1199.9,1200.9,1199.9,1200.6
201808311016,1200.2,1200.2,1199.8,1200.1,1200.6,1200.6,1200.2,1200.5
201808311017,1200,1200.1,1199.6,1199.6,1200.4,1200.5,1200,1200
201808311018,1199.6,1199.6,1199,1199.3,1200,1200,1199.4,1199.7
201808311019,1199.3,1199.4,1199.1,1199.3,1199.7,1199.8,1199.5,1199.7
201808311020,1199.3,1199.5,1199.2,1199.2,1199.7,1199.9,1199.6,1199.6
201808311021,1199.3,1199.4,1199,1199.3,1199.7,1199.8,1199.4,1199.7
201808311022,1199.3,1199.8,1199.3,1199.6,1199.7,1200.2,1199.7,1200
201808311023,1199.6,1199.6,1199.2,1199.2,1200,1200,1199.6,1199.6
201808311024,1199.2,1199.3,1199.2,1199.3,1199.6,1199.7,1199.6,1199.7
201808311025,1199.3,1199.3,1199.2,1199.3,1199.7,1199.7,1199.6,1199.7
201808311026,1199.3,1199.5,1199.3,1199.5,1199.7,1199.9,1199.7,1199.9
201808311027,1199.5,1199.6,1199.3,1199.3,1199.9,1200,1199.7,1199.7
201808311028,1199.3,1199.3,1199.1,1199.1,1199.7,1199.7,1199.5,1199.5
201808311029,1199.1,1199.1,1199,1199,1199.5,1199.5,1199.4,1199.4
201808311030,1199,1199.2,1198.9,1199.2,1199.4,1199.6,1199.3,1199.6
201808311031,1199.1,1199.7,1199.1,1199.7,1199.5,1200.1,1199.5,1200.1
201808311032,1199.7,1199.9,1199.5,1199.8,1200.1,1200.3,1199.9,1200.2
201808311033,1199.8,1200.1,1199.8,1200,1200.2,1200.5,1200.2,1200.4
201808311034,1200,1201,1200,1200.8,1200.4,1201.4,1200.4,1201.2
201808311035,1200.8,1201.1,1200.7,1200.9,1201.2,1201.5,1201.1,1201.3
201808311036,1201,1201.1,1200.8,1200.9,1201.4,1201.5,1201.2,1201.3
201808311037,1200.9,1201.1,1200.8,1201.1,1201.3,1201.5,1201.2,1201.5
201808311038,1201.1,1201.4,1201,1201,1201.5,1201.8,1201.4,1201.4
201808311039,1201,1201.5,1200.8,1201.5,1201.4,1201.9,1201.2,1201.9
201808311040,1201.5,1201.9,1201.3,1201.7,1201.9,1202.3,1201.7,1202.1
201808311041,1201.7,1202.1,1201.5,1202,1202.1,1202.5,1201.9,1202.4
201808311042,1202,1202.1,1201.5,1201.7,1202.4,1202.5,1201.9,1202.1
201808311043,1201.7,1202.1,1201.6,1201.9,1202.1,1202.5,1202,1202.3
201808311044,1201.9,1202.5,1201.8,1202.2,1202.3,1202.9,1202.2,1202.6
201808311045,1202.3,1202.4,1202.1,1202.1,1202.7,1202.8,1202.5,1202.5
201808311046,1202.1,1202.3,1201.7,1202.1,1202.5,1202.7,1202.1,1202.5
201808311047,1202.1,1202.9,1202.1,1202.8,1202.5,1203.3,1202.5,1203.2
201808311048,1202.8,1202.8,1202.4,1202.5,1203.2,1203.2,1202.8,1202.9
201808311049,1202.5,1202.9,1202.5,1202.9,1202.9,1203.3,1202.9,1203.3
201808311050,1202.9,1202.9,1202.4,1202.4,1203.3,1203.3,1202.8,1202.8
201808311051,1202.4,1202.4,1202.1,1202.1,1202.8,1202.8,1202.5,1202.5
201808311052,1202.1,1202.4,1202,1202.2,1202.5,1202.8,1202.4,1202.6
201808311053,1202.2,1202.4,1202,1202.2,1202.6,1202.8,1202.4,1202.6
201808311054,1202.2,1202.5,1202.1,1202.4,1202.6,1202.9,1202.5,1202.8
201808311055,1202.4,1202.4,1202,1202.1,1202.8,1202.8,1202.4,1202.5
201808311056,1202.1,1202.6,1202.1,1202.4,1202.5,1203,1202.5,1202.8
201808311057,1202.4,1202.6,1202.4,1202.5,1202.8,1203,1202.8,1202.9
201808311058,1202.5,1202.5,1202.3,1202.5,1202.9,1202.9,1202.7,1202.9
201808311059,1202.5,1202.6,1202.3,1202.3,1202.9,1203,1202.7,1202.7
201808311100,1202.3,1202.5,1202.2,1202.2,1202.7,1202.9,1202.6,1202.6
201808311101,1202.2,1202.2,1202.1,1202.1,1202.6,1202.6,1202.5,1202.5
201808311102,1202,1202.4,1202,1202.4,1202.4,1202.8,1202.4,1202.8
201808311103,1202.4,1202.7,1202.3,1202.6,1202.8,1203.1,1202.7,1203
201808311104,1202.6,1202.6,1202.5,1202.6,1203,1203,1202.9,1203
201808311105,1202.6,1202.7,1202.6,1202.6,1203,1203.1,1203,1203
201808311106,1202.6,1202.6,1202.2,1202.2,1203,1203,1202.6,1202.6
201808311107,1202.2,1202.5,1202.2,1202.5,1202.6,1202.9,1202.6,1202.9
201808311108,1202.4,1202.5,1202.4,1202.5,1202.8,1202.9,1202.8,1202.9
201808311109,1202.5,1202.5,1202.1,1202.1,1202.9,1202.9,1202.5,1202.5
201808311110,1202.1,1202.1,1201.9,1202,1202.5,1202.5,1202.3,1202.4
201808311111,1202,1202.1,1201.8,1201.8,1202.4,1202.5,1202.2,1202.2
201808311112,1201.8,1202.1,1201.8,1202,1202.2,1202.5,1202.2,1202.4
201808311113,1202,1202.2,1202,1202,1202.4,1202.6,1202.4,1202.4
201808311114,1202,1202.1,1202,1202.1,1202.4,1202.5,1202.4,1202.5
201808311115,1202.1,1202.3,1202.1,1202.2,1202.5,1202.7,1202.5,1202.6
201808311116,1202.2,1202.2,1202.1,1202.1,1202.6,1202.6,1202.5,1202.5
201808311117,1202.1,1202.1,1201.9,1201.9,1202.5,1202.5,1202.3,1202.3
201808311118,1201.9,1201.9,1201.8,1201.8,1202.3,1202.3,1202.2,1202.2
201808311119,1201.8,1202.1,1201.8,1202.1,1202.2,1202.5,1202.2,1202.5
201808311120,1202.1,1202.2,1202,1202,1202.5,1202.6,1202.4,1202.4
201808311121,1202,1202.2,1202,1202.2,1202.4,1202.6,1202.4,1202.6
201808311122,1202.1,1202.3,1202.1,1202.2,1202.5,1202.7,1202.5,1202.6
201808311123,1202.2,1202.2,1202,1202,1202.6,1202.6,1202.4,1202.4
201808311124,1202,1202,1201.9,1201.9,1202.4,1202.4,1202.3,1202.3
201808311125,1201.9,1202,1201.8,1202,1202.3,1202.4,1202.2,1202.4
201808311126,1202,1202,1201.9,1201.9,1202.4,1202.4,1202.3,1202.3
201808311127,1201.9,1202,1201.9,1202,1202.3,1202.4,1202.3,1202.4
201808311128,1202,1202.3,1202,1202.3,1202.4,1202.7,1202.4,1202.7
201808311129,1202.3,1202.3,1202.1,1202.2,1202.7,1202.7,1202.5,1202.6
201808311130,1202.2,1202.2,1201.7,1201.7,1202.6,1202.6,1202.1,1202.1
201808311131,1201.7,1201.9,1201.7,1201.9,1202.1,1202.3,1202.1,1202.3
201808311132,1201.9,1202,1201.9,1202,1202.3,1202.4,1202.3,1202.4
201808311133,1202,1202,1201.9,1201.9,1202.4,1202.4,1202.3,1202.3
201808311134,1201.9,1201.9,1201.8,1201.9,1202.3,1202.3,1202.2,1202.3
201808311135,1201.9,1202.2,1201.9,1202.2,1202.3,1202.6,1202.3,1202.6
201808311136,1202.2,1202.2,1202.1,1202.1,1202.6,1202.6,1202.5,1202.5
201808311137,1202.1,1202.1,1201.9,1202,1202.5,1202.5,1202.3,1202.4
201808311138,1202,1202,1201.9,1202,1202.4,1202.4,1202.3,1202.4
201808311139,1202,1202.2,1201.9,1202.2,1202.4,1202.6,1202.3,1202.6
201808311140,1202.2,1202.3,1202.2,1202.2,1202.6,1202.7,1202.6,1202.6
201808311141,1202.2,1202.3,1202.2,1202.3,1202.6,1202.7,1202.6,1202.7
201808311142,1202.3,1202.4,1202.3,1202.3,1202.7,1202.8,1202.7,1202.7
201808311143,1202.3,1202.3,1202.2,1202.3,1202.7,1202.7,1202.6,1202.7
201808311144,1202.3,1202.3,1202.2,1202.2,1202.7,1202.7,1202.6,1202.6
201808311145,1202.2,1202.4,1202.1,1202.3,1202.6,1202.8,1202.5,1202.7
201808311146,1202.3,1202.3,1202.2,1202.2,1202.7,1202.7,1202.6,1202.6
201808311147,1202.1,1202.2,1202,1202.1,1202.5,1202.6,1202.4,1202.5
201808311148,1202.1,1202.1,1201.8,1201.8,1202.5,1202.5,1202.2,1202.2
201808311149,1201.8,1201.8,1201.6,1201.8,1202.2,1202.2,1202,1202.2
201808311150,1201.8,1201.9,1201.8,1201.9,1202.2,1202.3,1202.2,1202.3
201808311151,1201.9,1202.1,1201.9,1202.1,1202.3,1202.5,1202.3,1202.5
201808311152,1202.1,1202.1,1202,1202.1,1202.5,1202.5,1202.4,1202.5
201808311153,1202.1,1202.1,1201.9,1202,1202.5,1202.5,1202.3,1202.4
201808311154,1202,1202,1201.8,1201.8,1202.4,1202.4,1202.2,1202.2
201808311155,1201.8,1201.9,1201.7,1201.7,1202.2,1202.3,1202.1,1202.1
201808311156,1201.7,1201.8,1201.7,1201.8,1202.1,1202.2,1202.1,1202.2
201808311157,1201.8,1201.8,1201.6,1201.7,1202.2,1202.2,1202,1202.1
201808311158,1201.7,1201.7,1201.3,1201.4,1202.1,1202.1,1201.7,1201.8
201808311159,1201.4,1201.5,1201.4,1201.5,1201.8,1201.9,1201.8,1201.9
201808311200,1201.6,1201.6,1201.4,1201.5,1202,1202,1201.8,1201.9
201808311201,1201.5,1201.6,1201.3,1201.4,1201.9,1202,1201.7,1201.8
201808311202,1201.4,1201.6,1201.3,1201.5,1201.8,1202,1201.7,1201.9
201808311203,1201.5,1201.8,1201.5,1201.7,1201.9,1202.2,1201.9,1202.1
201808311204,1201.7,1201.7,1201.5,1201.6,1202.1,1202.1,1201.9,1202
201808311205,1201.6,1201.9,1201.6,1201.8,1202,1202.3,1202,1202.2
201808311206,1201.8,1202,1201.8,1201.9,1202.2,1202.4,1202.2,1202.3
201808311207,1201.9,1202,1201.8,1202,1202.3,1202.4,1202.2,1202.4
201808311208,1202,1202,1201.8,1201.8,1202.4,1202.4,1202.2,1202.2
201808311209,1201.9,1202,1201.9,1201.9,1202.3,1202.4,1202.3,1202.3
201808311210,1201.9,1202.1,1201.9,1202,1202.3,1202.5,1202.3,1202.4
201808311211,1202,1202,1201.9,1201.9,1202.4,1202.4,1202.3,1202.3
201808311212,1201.9,1202,1201.9,1201.9,1202.3,1202.4,1202.3,1202.3
201808311213,1201.9,1202.1,1201.9,1202,1202.3,1202.5,1202.3,1202.4
201808311214,1202,1202.1,1201.9,1201.9,1202.4,1202.5,1202.3,1202.3
201808311215,1201.9,1202,1201.8,1202,1202.3,1202.4,1202.2,1202.4
201808311216,1202,1202,1202,1202,1202.4,1202.4,1202.4,1202.4
201808311217,1202,1202,1201.9,1201.9,1202.4,1202.4,1202.3,1202.3
201808311218,1201.9,1201.9,1201.8,1201.8,1202.3,1202.3,1202.2,1202.2
201808311219,1201.8,1201.8,1201.7,1201.7,1202.2,1202.2,1202.1,1202.1
201808311220,1201.7,1201.8,1201.7,1201.8,1202.1,1202.2,1202.1,1202.2
201808311221,1201.8,1201.9,1201.7,1201.9,1202.2,1202.3,1202.1,1202.3
201808311222,1201.9,1202,1201.8,1201.8,1202.3,1202.4,1202.2,1202.2
201808311223,1201.9,1201.9,1201.8,1201.9,1202.3,1202.3,1202.2,1202.3
201808311224,1201.9,1202.1,1201.9,1202.1,1202.3,1202.5,1202.3,1202.5
201808311225,1202.1,1202.2,1202.1,1202.2,1202.5,1202.6,1202.5,1202.6
201808311226,1202.2,1202.2,1202.1,1202.1,1202.6,1202.6,1202.5,1202.5
201808311227,1202.1,1202.3,1202.1,1202.2,1202.5,1202.7,1202.5,1202.6
201808311228,1202.2,1202.3,1202.2,1202.3,1202.6,1202.7,1202.6,1202.7
201808311229,1202.3,1202.3,1202.2,1202.2,1202.7,1202.7,1202.6,1202.6
201808311230,1202.3,1202.4,1202.3,1202.4,1202.7,1202.8,1202.7,1202.8
201808311231,1202.4,1202.5,1202.3,1202.4,1202.8,1202.9,1202.7,1202.8
201808311232,1202.4,1202.6,1202.4,1202.5,1202.8,1203,1202.8,1202.9
201808311233,1202.5,1202.6,1202.5,1202.6,1202.9,1203,1202.9,1203
201808311234,1202.6,1202.6,1202.5,1202.5,1203,1203,1202.9,1202.9
201808311235,1202.5,1202.7,1202.5,1202.7,1202.9,1203.1,1202.9,1203.1
201808311236,1202.7,1202.7,1202.6,1202.6,1203.1,1203.1,1203,1203
201808311237,1202.6,1202.6,1202.3,1202.3,1203,1203,1202.7,1202.7
201808311238,1202.3,1202.6,1202.3,1202.5,1202.7,1203,1202.7,1202.9
201808311239,1202.5,1202.6,1202.5,1202.6,1202.9,1203,1202.9,1203
201808311240,1202.6,1202.6,1202.5,1202.5,1203,1203,1202.9,1202.9
201808311241,1202.5,1202.5,1202.4,1202.5,1202.9,1202.9,1202.8,1202.9
201808311242,1202.5,1202.5,1202.3,1202.3,1202.9,1202.9,1202.7,1202.7
201808311243,1202.3,1202.4,1202.3,1202.3,1202.7,1202.8,1202.7,1202.7
201808311244,1202.3,1202.3,1202.2,1202.2,1202.7,1202.7,1202.6,1202.6
201808311245,1202.2,1202.3,1202.2,1202.3,1202.6,1202.7,1202.6,1202.7
201808311246,1202.3,1202.3,1202.2,1202.2,1202.7,1202.7,1202.6,1202.6
201808311247,1202.2,1202.3,1202.2,1202.3,1202.6,1202.7,1202.6,1202.7
201808311248,1202.3,1202.4,1202.3,1202.3,1202.7,1202.8,1202.7,1202.7
201808311249,1202.3,1202.3,1202.3,1202.3,1202.7,1202.7,1202.7,1202.7
201808311250,1202.3,1202.4,1202.3,1202.4,1202.7,1202.8,1202.7,1202.8
201808311251,1202.4,1202.4,1202.3,1202.3,1202.8,1202.8,1202.7,1202.7
201808311252,1202.3,1202.3,1202.2,1202.2,1202.7,1202.7,1202.6,1202.6
201808311253,1202.2,1202.3,1202.2,1202.3,1202.6,1202.7,1202.6,1202.7
201808311254,1202.3,1202.5,1202.3,1202.4,1202.7,1202.9,1202.7,1202.8
201808311255,1202.4,1202.6,1202.4,1202.6,1202.8,1203,1202.8,1203
201808311256,1202.6,1202.6,1202.5,1202.5,1203,1203,1202.9,1202.9
201808311257,1202.5,1202.5,1202.5,1202.5,1202.9,1202.9,1202.9,1202.9
201808311258,1202.5,1202.6,1202.5,1202.5,1202.9,1203,1202.9,1202.9
201808311259,1202.5,1202.6,1202.5,1202.6,1202.9,1203,1202.9,1203
201808311300,1202.6,1202.9,1202.6,1202.8,1203,1203.3,1203,1203.2
201808311301,1202.8,1202.9,1202.7,1202.7,1203.2,1203.3,1203.1,1203.1
201808311302,1202.7,1202.8,1202.7,1202.8,1203.1,1203.2,1203.1,1203.2
201808311303,1202.8,1202.9,1202.8,1202.9,1203.2,1203.3,1203.2,1203.3
201808311304,1202.9,1202.9,1202.9,1202.9,1203.3,1203.3,1203.3,1203.3
201808311305,1202.9,1203.2,1202.9,1203.2,1203.3,1203.6,1203.3,1203.6
201808311306,1203.2,1203.4,1203.2,1203.4,1203.6,1203.8,1203.6,1203.8
201808311307,1203.4,1203.4,1203.3,1203.3,1203.8,1203.8,1203.7,1203.7
201808311308,1203.3,1203.3,1203.3,1203.3,1203.7,1203.7,1203.7,1203.7
201808311309,1203.3,1203.3,1203.2,1203.3,1203.7,1203.7,1203.6,1203.7
201808311310,1203.3,1203.3,1203.2,1203.2,1203.7,1203.7,1203.6,1203.6
201808311311,1203.2,1203.2,1203.1,1203.1,1203.6,1203.6,1203.5,1203.5
201808311312,1203.1,1203.1,1202.9,1203,1203.5,1203.5,1203.3,1203.4
201808311313,1203,1203.2,1203,1203.2,1203.4,1203.6,1203.4,1203.6
201808311314,1203.2,1203.3,1203.2,1203.3,1203.6,1203.7,1203.6,1203.7
201808311315,1203.3,1203.7,1203.3,1203.6,1203.7,1204.1,1203.7,1204
201808311316,1203.6,1203.7,1203.6,1203.6,1204,1204.1,1204,1204
201808311317,1203.6,1203.6,1203.5,1203.6,1204,1204,1203.9,1204
201808311318,1203.6,1203.7,1203.6,1203.7,1204,1204.1,1204,1204.1
201808311319,1203.7,1203.9,1203.6,1203.8,1204.1,1204.3,1204,1204.2
201808311320,1203.8,1203.8,1203.6,1203.6,1204.2,1204.2,1204,1204
201808311321,1203.6,1203.6,1203.6,1203.6,1204,1204,1204,1204
201808311322,1203.6,1203.6,1203.5,1203.5,1204,1204,1203.9,1203.9
201808311323,1203.5,1203.8,1203.5,1203.8,1203.9,1204.2,1203.9,1204.2
201808311324,1203.8,1204.2,1203.8,1203.9,1204.2,1204.6,1204.2,1204.3
201808311325,1203.9,1204,1203.8,1203.9,1204.3,1204.4,1204.2,1204.3
201808311326,1203.9,1204.2,1203.9,1204.1,1204.3,1204.6,1204.3,1204.5
201808311327,1204.1,1204.1,1204.1,1204.1,1204.5,1204.5,1204.5,1204.5
201808311328,1204.1,1204.8,1204.1,1204.7,1204.5,1205.2,1204.5,1205.1
201808311329,1204.7,1204.8,1204.6,1204.7,1205.1,1205.2,1205,1205.1
201808311330,1204.7,1204.7,1204.6,1204.6,1205.1,1205.1,1205,1205
201808311331,1204.6,1204.6,1204.5,1204.5,1205,1205,1204.9,1204.9
201808311332,1204.5,1204.5,1204.4,1204.4,1204.9,1204.9,1204.8,1204.8
201808311333,1204.4,1204.4,1204.3,1204.3,1204.8,1204.8,1204.7,1204.7
201808311334,1204.3,1204.3,1204.2,1204.2,1204.7,1204.7,1204.6,1204.6
201808311335,1204.2,1204.2,1204.1,1204.1,1204.6,1204.6,1204.5,1204.5
201808311336,1204.1,1204.3,1204.1,1204.3,1204.5,1204.7,1204.5,1204.7
201808311337,1204.3,1204.3,1204.2,1204.2,1204.7,1204.7,1204.6,1204.6
201808311338,1204.2,1204.3,1204.2,1204.3,1204.6,1204.7,1204.6,1204.7
201808311339,1204.3,1204.3,1204.2,1204.3,1204.7,1204.7,1204.6,1204.7
201808311340,1204.3,1204.5,1204.3,1204.3,1204.7,1204.9,1204.7,1204.7
201808311341,1204.3,1204.4,1204.3,1204.4,1204.7,1204.8,1204.7,1204.8
201808311342,1204.4,1204.6,1204.4,1204.6,1204.8,1205,1204.8,1205
201808311343,1204.6,1204.6,1204.4,1204.4,1205,1205,1204.8,1204.8
201808311344,1204.3,1204.3,1204.3,1204.3,1204.7,1204.7,1204.7,1204.7
201808311345,1204.3,1204.3,1204.3,1204.3,1204.7,1204.7,1204.7,1204.7
201808311346,1204.3,1204.5,1204.3,1204.5,1204.7,1204.9,1204.7,1204.9
201808311347,1204.5,1204.5,1204.4,1204.4,1204.9,1204.9,1204.8,1204.8
201808311348,1204.4,1204.5,1204.4,1204.5,1204.8,1204.9,1204.8,1204.9
201808311349,1204.5,1204.5,1204.4,1204.4,1204.9,1204.9,1204.8,1204.8
201808311350,1204.5,1204.5,1204.4,1204.4,1204.9,1204.9,1204.8,1204.8
201808311351,1204.4,1204.4,1204.3,1204.3,1204.8,1204.8,1204.7,1204.7
201808311352,1204.3,1204.3,1204.2,1204.2,1204.7,1204.7,1204.6,1204.6
201808311353,1204.2,1204.3,1204.2,1204.3,1204.6,1204.7,1204.6,1204.7
201808311354,1204.3,1204.5,1204.3,1204.5,1204.7,1204.9,1204.7,1204.9
201808311355,1204.5,1204.5,1204.5,1204.5,1204.9,1204.9,1204.9,1204.9
201808311356,1204.5,1204.5,1204.5,1204.5,1204.9,1204.9,1204.9,1204.9
201808311357,1204.5,1204.5,1204.2,1204.2,1204.9,1204.9,1204.6,1204.6
201808311358,1204.2,1204.3,1204.2,1204.3,1204.6,1204.7,1204.6,1204.7
201808311359,1204.3,1204.7,1204.3,1204.6,1204.7,1205.1,1204.7,1205
201808311400,1204.6,1205,1204.5,1205,1205,1205.4,1204.9,1205.4
201808311401,1205.1,1205.3,1204.9,1205.2,1205.5,1205.7,1205.3,1205.6
201808311402,1205.2,1205.5,1205,1205.2,1205.6,1205.9,1205.4,1205.6
201808311403,1205.2,1205.4,1205,1205.4,1205.6,1205.8,1205.4,1205.8
201808311404,1205.4,1205.4,1205.1,1205.1,1205.8,1205.8,1205.5,1205.5
201808311405,1205.1,1205.4,1205.1,1205.2,1205.5,1205.8,1205.5,1205.6
201808311406,1205.2,1205.3,1205.1,1205.1,1205.6,1205.7,1205.5,1205.5
201808311407,1205.1,1205.2,1205.1,1205.1,1205.5,1205.6,1205.5,1205.5
201808311408,1205.1,1205.1,1204.8,1204.8,1205.5,1205.5,1205.2,1205.2
201808311409,1204.8,1204.8,1204.8,1204.8,1205.2,1205.2,1205.2,1205.2
201808311410,1204.8,1204.9,1204.8,1204.8,1205.2,1205.3,1205.2,1205.2
201808311411,1204.8,1205.1,1204.8,1205.1,1205.2,1205.5,1205.2,1205.5
201808311412,1205.1,1205.1,1205,1205,1205.5,1205.5,1205.4,1205.4
201808311413,1205,1205,1205,1205,1205.4,1205.4,1205.4,1205.4
201808311414,1205,1205,1205,1205,1205.4,1205.4,1205.4,1205.4
201808311415,1205,1205.3,1205,1205.3,1205.4,1205.7,1205.4,1205.7
201808311416,1205.3,1205.6,1205.3,1205.3,1205.7,1206,1205.7,1205.7
201808311417,1205.3,1205.3,1205.3,1205.3,1205.7,1205.7,1205.7,1205.7
201808311418,1205.3,1205.3,1205.2,1205.2,1205.7,1205.7,1205.6,1205.6
201808311419,1205.2,1205.2,1205.1,1205.1,1205.6,1205.6,1205.5,1205.5
201808311420,1205.1,1205.1,1204.9,1204.9,1205.5,1205.5,1205.3,1205.3
201808311421,1204.9,1205,1204.9,1205,1205.3,1205.4,1205.3,1205.4
201808311422,1205,1205.2,1205,1205.1,1205.4,1205.6,1205.4,1205.5
201808311423,1205.1,1205.1,1204.7,1204.7,1205.5,1205.5,1205.1,1205.1
201808311424,1204.7,1204.8,1204.5,1204.8,1205.1,1205.2,1204.9,1205.2
201808311425,1204.8,1204.8,1204.5,1204.5,1205.2,1205.2,1204.9,1204.9
201808311426,1204.5,1204.6,1204.5,1204.6,1204.9,1205,1204.9,1205
201808311427,1204.6,1204.7,1204.5,1204.6,1205,1205.1,1204.9,1205
201808311428,1204.6,1204.6,1204.4,1204.5,1205,1205,1204.8,1204.9
201808311429,1204.5,1204.6,1204.3,1204.4,1204.9,1205,1204.7,1204.8
201808311430,1204.4,1204.6,1204.4,1204.4,1204.8,1205,1204.8,1204.8
201808311431,1204.4,1204.4,1204.2,1204.3,1204.8,1204.8,1204.6,1204.7
201808311432,1204.3,1204.4,1204.2,1204.4,1204.7,1204.8,1204.6,1204.8
201808311433,1204.4,1204.7,1204.4,1204.7,1204.8,1205.1,1204.8,1205.1
201808311434,1204.7,1204.7,1204.5,1204.5,1205.1,1205.1,1204.9,1204.9
201808311435,1204.5,1204.5,1204.2,1204.2,1204.9,1204.9,1204.6,1204.6
201808311436,1204.2,1204.3,1204.2,1204.2,1204.6,1204.7,1204.6,1204.6
201808311437,1204.2,1204.3,1204.2,1204.3,1204.6,1204.7,1204.6,1204.7
201808311438,1204.3,1204.3,1204.2,1204.2,1204.7,1204.7,1204.6,1204.6
201808311439,1204.3,1204.4,1204.3,1204.3,1204.7,1204.8,1204.7,1204.7
201808311440,1204.3,1204.6,1204.3,1204.6,1204.7,1205,1204.7,1205
201808311441,1204.6,1204.7,1204.6,1204.6,1205,1205.1,1205,1205
201808311442,1204.6,1204.9,1204.6,1204.7,1205,1205.3,1205,1205.1
201808311443,1204.7,1204.7,1204.6,1204.7,1205.1,1205.1,1205,1205.1
201808311444,1204.7,1204.7,1204.5,1204.5,1205.1,1205.1,1204.9,1204.9
201808311445,1204.5,1204.5,1204.4,1204.4,1204.9,1204.9,1204.8,1204.8
201808311446,1204.4,1204.4,1204.1,1204.2,1204.8,1204.8,1204.5,1204.6
201808311447,1204.2,1204.6,1204.2,1204.4,1204.6,1205,1204.6,1204.8
201808311448,1204.4,1204.6,1204.4,1204.5,1204.8,1205,1204.8,1204.9
201808311449,1204.5,1204.6,1204.4,1204.5,1204.9,1205,1204.8,1204.9
201808311450,1204.6,1204.6,1204.3,1204.5,1205,1205,1204.7,1204.9
201808311451,1204.5,1204.5,1204.3,1204.4,1204.9,1204.9,1204.7,1204.8
201808311452,1204.4,1205.2,1204.4,1205,1204.8,1205.6,1204.8,1205.4
201808311453,1205,1205.2,1204.8,1205.2,1205.4,1205.6,1205.2,1205.6
201808311454,1205.2,1205.5,1205.2,1205.3,1205.6,1205.9,1205.6,1205.7
201808311455,1205.3,1205.4,1205.1,1205.1,1205.7,1205.8,1205.5,1205.5
201808311456,1205.1,1205.1,1204.9,1204.9,1205.5,1205.5,1205.3,1205.3
201808311457,1204.9,1205.1,1204.9,1205.1,1205.3,1205.5,1205.3,1205.5
201808311458,1205.1,1205.1,1204.8,1204.9,1205.5,1205.5,1205.2,1205.3
201808311459,1204.9,1205.1,1204.9,1205.1,1205.3,1205.5,1205.3,1205.5
201808311500,1205.1,1205.1,1204.9,1205,1205.5,1205.5,1205.3,1205.4
201808311501,1205,1205,1204.9,1204.9,1205.4,1205.4,1205.3,1205.3
201808311502,1204.9,1205.3,1204.9,1205.3,1205.3,1205.7,1205.3,1205.7
201808311503,1205.3,1205.3,1205.1,1205.3,1205.7,1205.7,1205.5,1205.7
201808311504,1205.3,1205.3,1205,1205,1205.7,1205.7,1205.4,1205.4
201808311505,1205,1205,1204.6,1204.8,1205.4,1205.4,1205,1205.2
201808311506,1204.8,1205,1204.7,1204.9,1205.2,1205.4,1205.1,1205.3
201808311507,1204.9,1204.9,1204.7,1204.8,1205.3,1205.3,1205.1,1205.2
201808311508,1204.8,1204.8,1204.4,1204.4,1205.2,1205.2,1204.8,1204.8
201808311509,1204.4,1204.5,1204.3,1204.3,1204.8,1204.9,1204.7,1204.7
201808311510,1204.3,1204.4,1204.3,1204.4,1204.7,1204.8,1204.7,1204.8
201808311511,1204.4,1204.6,1204.4,1204.6,1204.8,1205,1204.8,1205
201808311512,1204.6,1204.6,1204.4,1204.6,1205,1205,1204.8,1205
201808311513,1204.6,1204.6,1204.3,1204.4,1205,1205,1204.7,1204.8
201808311514,1204.4,1204.4,1204.3,1204.3,1204.8,1204.8,1204.7,1204.7
201808311515,1204.3,1204.5,1204.3,1204.5,1204.7,1204.9,1204.7,1204.9
201808311516,1204.5,1204.6,1204.4,1204.4,1204.9,1205,1204.8,1204.8
201808311517,1204.4,1204.7,1204.4,1204.5,1204.8,1205.1,1204.8,1204.9
201808311518,1204.5,1204.7,1204.4,1204.4,1204.9,1205.1,1204.8,1204.8
201808311519,1204.4,1204.5,1204.3,1204.4,1204.8,1204.9,1204.7,1204.8
201808311520,1204.4,1204.7,1204.3,1204.6,1204.8,1205.1,1204.7,1205
201808311521,1204.7,1204.7,1204.3,1204.3,1205.1,1205.1,1204.7,1204.7
201808311522,1204.3,1204.4,1204.3,1204.4,1204.7,1204.8,1204.7,1204.8
201808311523,1204.4,1204.4,1204.3,1204.4,1204.8,1204.8,1204.7,1204.8
201808311524,1204.4,1204.6,1204.4,1204.5,1204.8,1205,1204.8,1204.9
201808311525,1204.5,1204.6,1204.5,1204.5,1204.9,1205,1204.9,1204.9
201808311526,1204.5,1204.5,1204.4,1204.4,1204.9,1204.9,1204.8,1204.8
201808311527,1204.4,1204.6,1204.4,1204.5,1204.8,1205,1204.8,1204.9
201808311528,1204.5,1204.6,1204.4,1204.4,1204.9,1205,1204.8,1204.8
201808311529,1204.4,1204.5,1204.3,1204.4,1204.8,1204.9,1204.7,1204.8
201808311530,1204.4,1204.4,1203.6,1203.6,1204.8,1204.8,1204,1204
201808311531,1203.6,1203.9,1203.6,1203.9,1204,1204.3,1204,1204.3
201808311532,1203.9,1203.9,1203.7,1203.7,1204.3,1204.3,1204.1,1204.1
201808311533,1203.7,1203.7,1203.5,1203.6,1204.1,1204.1,1203.9,1204
201808311534,1203.6,1203.8,1203.6,1203.8,1204,1204.2,1204,1204.2
201808311535,1203.8,1203.8,1203.5,1203.5,1204.2,1204.2,1203.9,1203.9
201808311536,1203.5,1203.6,1203.5,1203.5,1203.9,1204,1203.9,1203.9
201808311537,1203.5,1203.8,1203.5,1203.5,1203.9,1204.2,1203.9,1203.9
201808311538,1203.5,1203.6,1203.5,1203.6,1203.9,1204,1203.9,1204
201808311539,1203.6,1203.7,1203.6,1203.7,1204,1204.1,1204,1204.1
201808311540,1203.7,1203.7,1203.5,1203.5,1204.1,1204.1,1203.9,1203.9
201808311541,1203.5,1203.6,1203.3,1203.3,1203.9,1204,1203.7,1203.7
201808311542,1203.3,1203.4,1203.2,1203.3,1203.7,1203.8,1203.6,1203.7
201808311543,1203.3,1203.5,1203.3,1203.4,1203.7,1203.9,1203.7,1203.8
201808311544,1203.5,1203.6,1203.4,1203.6,1203.9,1204,1203.8,1204
201808311545,1203.6,1203.6,1203.4,1203.5,1204,1204,1203.8,1203.9
201808311546,1203.5,1203.6,1203.5,1203.6,1203.9,1204,1203.9,1204
201808311547,1203.6,1203.9,1203.6,1203.8,1204,1204.3,1204,1204.2
201808311548,1203.8,1203.9,1203.7,1203.7,1204.2,1204.3,1204.1,1204.1
201808311549,1203.7,1203.8,1203.7,1203.7,1204.1,1204.2,1204.1,1204.1
201808311550,1203.7,1203.8,1203.7,1203.7,1204.1,1204.2,1204.1,1204.1
201808311551,1203.7,1203.7,1203.7,1203.7,1204.1,1204.1,1204.1,1204.1
201808311552,1203.7,1203.8,1203.7,1203.8,1204.1,1204.2,1204.1,1204.2
201808311553,1203.8,1203.8,1203.7,1203.7,1204.2,1204.2,1204.1,1204.1
201808311554,1203.7,1203.9,1203.7,1203.9,1204.1,1204.3,1204.1,1204.3
201808311555,1203.9,1203.9,1203.6,1203.7,1204.3,1204.3,1204,1204.1
201808311556,1203.7,1203.9,1203.7,1203.7,1204.1,1204.3,1204.1,1204.1
201808311557,1203.7,1203.8,1203.5,1203.7,1204.1,1204.2,1203.9,1204.1
201808311558,1203.7,1203.9,1203.7,1203.8,1204.1,1204.3,1204.1,1204.2
201808311559,1203.8,1203.9,1203.7,1203.9,1204.2,1204.3,1204.1,1204.3
201808311600,1203.9,1205,1203.9,1204.9,1204.3,1205.4,1204.3,1205.3
201808311601,1204.9,1205.3,1204.8,1205,1205.3,1205.7,1205.2,1205.4
201808311602,1205,1205.4,1205,1205.4,1205.4,1205.8,1205.4,1205.8
201808311603,1205.4,1205.4,1205.1,1205.1,1205.8,1205.8,1205.5,1205.5
201808311604,1205.2,1205.4,1205.2,1205.4,1205.6,1205.8,1205.6,1205.8
201808311605,1205.4,1208.2,1205.4,1207.6,1205.8,1208.6,1205.8,1208
201808311606,1207.7,1208,1206.6,1206.8,1208.1,1208.4,1207,1207.2
201808311607,1206.8,1207,1206.7,1206.9,1207.2,1207.4,1207.1,1207.3
201808311608,1206.9,1207.2,1206.6,1206.6,1207.3,1207.6,1207,1207
201808311609,1206.6,1207,1206.6,1206.8,1207,1207.4,1207,1207.2
201808311610,1206.8,1207,1206.7,1206.9,1207.2,1207.4,1207.1,1207.3
201808311611,1206.8,1207.3,1206.8,1206.9,1207.2,1207.7,1207.2,1207.3
201808311612,1206.9,1207.3,1206.8,1207.1,1207.3,1207.7,1207.2,1207.5
201808311613,1207.2,1207.2,1206.9,1206.9,1207.6,1207.6,1207.3,1207.3
201808311614,1206.9,1206.9,1206.7,1206.8,1207.3,1207.3,1207.1,1207.2
201808311615,1206.8,1206.9,1206.7,1206.7,1207.2,1207.3,1207.1,1207.1
201808311616,1206.7,1206.8,1206.4,1206.4,1207.1,1207.2,1206.8,1206.8
201808311617,1206.4,1206.4,1206,1206.2,1206.8,1206.8,1206.4,1206.6
201808311618,1206.2,1206.2,1205.9,1205.9,1206.6,1206.6,1206.3,1206.3
201808311619,1205.9,1205.9,1205.7,1205.7,1206.3,1206.3,1206.1,1206.1
201808311620,1205.7,1206.1,1205.6,1205.8,1206.1,1206.5,1206,1206.2
201808311621,1205.8,1206.2,1205.8,1206.1,1206.2,1206.6,1206.2,1206.5
201808311622,1206.1,1206.3,1205.8,1205.9,1206.5,1206.7,1206.2,1206.3
201808311623,1205.9,1206,1205.9,1206,1206.3,1206.4,1206.3,1206.4
201808311624,1206,1206.3,1205.9,1206.3,1206.4,1206.7,1206.3,1206.7
201808311625,1206.3,1206.8,1206.3,1206.6,1206.7,1207.2,1206.7,1207
201808311626,1206.6,1206.6,1206.3,1206.6,1207,1207,1206.7,1207
201808311627,1206.6,1207,1206.6,1206.9,1207,1207.4,1207,1207.3
201808311628,1206.9,1206.9,1206.7,1206.7,1207.3,1207.3,1207.1,1207.1
201808311629,1206.7,1207.4,1206.7,1207.3,1207.1,1207.8,1207.1,1207.7
201808311630,1207.3,1207.7,1207.2,1207.5,1207.7,1208.1,1207.6,1207.9
201808311631,1207.5,1207.7,1207.4,1207.7,1207.9,1208.1,1207.8,1208.1
201808311632,1207.7,1207.8,1207.4,1207.4,1208.1,1208.2,1207.8,1207.8
201808311633,1207.4,1207.4,1207,1207.1,1207.8,1207.8,1207.4,1207.5
201808311634,1207,1207.4,1207,1207.4,1207.4,1207.8,1207.4,1207.8
201808311635,1207.4,1207.6,1207.1,1207.1,1207.8,1208,1207.5,1207.5
201808311636,1207.1,1207.3,1206.8,1206.8,1207.5,1207.7,1207.2,1207.2
201808311637,1206.8,1206.9,1206.7,1206.9,1207.2,1207.3,1207.1,1207.3
201808311638,1206.9,1207.1,1206.9,1207.1,1207.3,1207.5,1207.3,1207.5
201808311639,1207.1,1207.3,1207.1,1207.2,1207.5,1207.7,1207.5,1207.6
201808311640,1207.1,1207.4,1206.9,1207.1,1207.5,1207.8,1207.3,1207.5
201808311641,1207.1,1207.1,1206.8,1206.8,1207.5,1207.5,1207.2,1207.2
201808311642,1206.8,1206.9,1206.6,1206.6,1207.2,1207.3,1207,1207
201808311643,1206.6,1206.8,1206.4,1206.6,1207,1207.2,1206.8,1207
201808311644,1206.6,1207,1206.6,1207,1207,1207.4,1207,1207.4
201808311645,1207,1207.1,1206.8,1207,1207.4,1207.5,1207.2,1207.4
201808311646,1207.1,1207.7,1207.1,1207.5,1207.5,1208.1,1207.5,1207.9
201808311647,1207.5,1207.7,1207.4,1207.6,1207.9,1208.1,1207.8,1208
201808311648,1207.6,1207.7,1207.4,1207.5,1208,1208.1,1207.8,1207.9
201808311649,1207.5,1207.6,1207.5,1207.5,1207.9,1208,1207.9,1207.9
201808311650,1207.5,1208,1207.5,1208,1207.9,1208.4,1207.9,1208.4
201808311651,1208,1208,1207.7,1207.7,1208.4,1208.4,1208.1,1208.1
201808311652,1207.7,1208,1207.7,1208,1208.1,1208.4,1208.1,1208.4
201808311653,1208,1208.2,1207.4,1207.4,1208.4,1208.6,1207.8,1207.8
201808311654,1207.5,1207.7,1207.3,1207.3,1207.9,1208.1,1207.7,1207.7
201808311655,1207.3,1207.5,1207.3,1207.4,1207.7,1207.9,1207.7,1207.8
201808311656,1207.4,1207.4,1207.2,1207.2,1207.8,1207.8,1207.6,1207.6
201808311657,1207.2,1207.3,1207,1207.1,1207.6,1207.7,1207.4,1207.5
201808311658,1207.1,1207.1,1207,1207.1,1207.5,1207.5,1207.4,1207.5
201808311659,1207.1,1208,1207,1207.9,1207.5,1208.4,1207.4,1208.3
201808311700,1207.9,1208.2,1207.7,1208.1,1208.3,1208.6,1208.1,1208.5
201808311701,1208,1208.7,1208,1208.6,1208.4,1209.1,1208.4,1209
201808311702,1208.6,1208.7,1208.3,1208.4,1209,1209.1,1208.7,1208.8
201808311703,1208.4,1208.4,1208.2,1208.2,1208.8,1208.8,1208.6,1208.6
201808311704,1208.2,1208.3,1207.7,1207.7,1208.6,1208.7,1208.1,1208.1
201808311705,1207.7,1208,1207.7,1207.9,1208.1,1208.4,1208.1,1208.3
201808311706,1207.9,1208.1,1207.8,1207.9,1208.3,1208.5,1208.2,1208.3
201808311707,1207.9,1208,1207.8,1207.8,1208.3,1208.4,1208.2,1208.2
201808311708,1207.9,1207.9,1207.8,1207.8,1208.3,1208.3,1208.2,1208.2
201808311709,1207.7,1208,1207.6,1207.9,1208.1,1208.4,1208,1208.3
201808311710,1207.9,1207.9,1207.7,1207.7,1208.3,1208.3,1208.1,1208.1
201808311711,1207.7,1207.8,1207.7,1207.7,1208.1,1208.2,1208.1,1208.1
201808311712,1207.7,1207.7,1207.3,1207.3,1208.1,1208.1,1207.7,1207.7
201808311713,1207.4,1207.7,1207.4,1207.6,1207.8,1208.1,1207.8,1208
201808311714,1207.6,1208,1207.5,1208,1208,1208.4,1207.9,1208.4
201808311715,1207.9,1207.9,1207.7,1207.7,1208.3,1208.3,1208.1,1208.1
201808311716,1207.7,1207.8,1207.7,1207.8,1208.1,1208.2,1208.1,1208.2
201808311717,1207.8,1207.8,1207.5,1207.5,1208.2,1208.2,1207.9,1207.9
201808311718,1207.5,1207.7,1207.5,1207.5,1207.9,1208.1,1207.9,1207.9
201808311719,1207.5,1207.7,1207.5,1207.5,1207.9,1208.1,1207.9,1207.9
201808311720,1207.5,1207.6,1207.4,1207.4,1207.9,1208,1207.8,1207.8
201808311721,1207.4,1207.5,1207.3,1207.3,1207.8,1207.9,1207.7,1207.7
201808311722,1207.3,1207.3,1207,1207.1,1207.7,1207.7,1207.4,1207.5
201808311723,1207.1,1207.2,1207,1207.1,1207.5,1207.6,1207.4,1207.5
201808311724,1207.1,1207.1,1206.9,1207,1207.5,1207.5,1207.3,1207.4
201808311725,1207,1207.1,1206.9,1207.1,1207.4,1207.5,1207.3,1207.5
201808311726,1207.1,1207.1,1207.1,1207.1,1207.5,1207.5,1207.5,1207.5
201808311727,1207.1,1207.4,1207.1,1207.4,1207.5,1207.8,1207.5,1207.8
201808311728,1207.4,1207.5,1207.3,1207.3,1207.8,1207.9,1207.7,1207.7
201808311729,1207.3,1207.3,1206.9,1206.9,1207.7,1207.7,1207.3,1207.3
201808311730,1206.9,1207.1,1206.9,1207.1,1207.3,1207.5,1207.3,1207.5
201808311731,1207.1,1207.2,1206.8,1206.8,1207.5,1207.6,1207.2,1207.2
201808311732,1206.9,1206.9,1206.8,1206.9,1207.3,1207.3,1207.2,1207.3
201808311733,1206.9,1206.9,1206.8,1206.8,1207.3,1207.3,1207.2,1207.2
201808311734,1206.8,1206.9,1206.7,1206.8,1207.2,1207.3,1207.1,1207.2
201808311735,1206.8,1206.9,1206.7,1206.8,1207.2,1207.3,1207.1,1207.2
201808311736,1206.8,1206.9,1206.6,1206.6,1207.2,1207.3,1207,1207
201808311737,1206.6,1206.8,1206.6,1206.8,1207,1207.2,1207,1207.2
201808311738,1206.8,1207.1,1206.7,1206.8,1207.2,1207.5,1207.1,1207.2
201808311739,1206.8,1206.8,1206.6,1206.7,1207.2,1207.2,1207,1207.1
201808311740,1206.7,1207.1,1206.7,1207,1207.1,1207.5,1207.1,1207.4
201808311741,1207.1,1207.2,1207,1207.2,1207.5,1207.6,1207.4,1207.6
201808311742,1207.2,1207.2,1207.1,1207.1,1207.6,1207.6,1207.5,1207.5
201808311743,1207.1,1207.1,1206.8,1206.8,1207.5,1207.5,1207.2,1207.2
201808311744,1206.8,1206.9,1206.8,1206.9,1207.2,1207.3,1207.2,1207.3
201808311745,1206.9,1206.9,1206.7,1206.8,1207.3,1207.3,1207.1,1207.2
201808311746,1206.8,1206.8,1206.7,1206.7,1207.2,1207.2,1207.1,1207.1
201808311747,1206.7,1206.7,1206.5,1206.5,1207.1,1207.1,1206.9,1206.9
201808311748,1206.5,1206.7,1206.5,1206.6,1206.9,1207.1,1206.9,1207
201808311749,1206.6,1206.7,1206.1,1206.2,1207,1207.1,1206.5,1206.6
201808311750,1206.2,1206.3,1206,1206,1206.6,1206.7,1206.4,1206.4
201808311751,1206,1206.2,1206,1206,1206.4,1206.6,1206.4,1206.4
201808311752,1206,1206.1,1206,1206,1206.4,1206.5,1206.4,1206.4
201808311753,1206,1206.2,1205.9,1205.9,1206.4,1206.6,1206.3,1206.3
201808311754,1205.9,1206,1205.9,1206,1206.3,1206.4,1206.3,1206.4
201808311755,1206,1206.1,1205.5,1205.5,1206.4,1206.5,1205.9,1205.9
201808311756,1205.5,1205.6,1205.1,1205.5,1205.9,1206,1205.5,1205.9
201808311757,1205.5,1205.7,1205.5,1205.7,1205.9,1206.1,1205.9,1206.1
201808311758,1205.7,1205.9,1205.7,1205.9,1206.1,1206.3,1206.1,1206.3
201808311759,1205.9,1206.2,1205.9,1206.2,1206.3,1206.6,1206.3,1206.6
201808311800,1206.2,1206.4,1206.1,1206.1,1206.6,1206.8,1206.5,1206.5
201808311801,1206.1,1206.2,1205.8,1205.8,1206.5,1206.6,1206.2,1206.2
201808311802,1205.8,1206,1205.8,1206,1206.2,1206.4,1206.2,1206.4
201808311803,1206,1206.2,1206,1206.1,1206.4,1206.6,1206.4,1206.5
201808311804,1206.1,1206.3,1206.1,1206.3,1206.5,1206.7,1206.5,1206.7
201808311805,1206.3,1206.4,1206.3,1206.4,1206.7,1206.8,1206.7,1206.8
201808311806,1206.4,1206.9,1206.4,1206.6,1206.8,1207.3,1206.8,1207
201808311807,1206.6,1206.7,1206.5,1206.6,1207,1207.1,1206.9,1207
201808311808,1206.6,1206.7,1206.5,1206.5,1207,1207.1,1206.9,1206.9
201808311809,1206.5,1206.6,1206.4,1206.4,1206.9,1207,1206.8,1206.8
201808311810,1206.4,1206.4,1206.1,1206.1,1206.8,1206.8,1206.5,1206.5
201808311811,1206.1,1206.1,1206,1206,1206.5,1206.5,1206.4,1206.4
201808311812,1206,1206,1205.2,1205.5,1206.4,1206.4,1205.6,1205.9
201808311813,1205.5,1205.7,1205.3,1205.6,1205.9,1206.1,1205.7,1206
201808311814,1205.6,1205.8,1205.6,1205.8,1206,1206.2,1206,1206.2
201808311815,1205.9,1206,1205.8,1206,1206.3,1206.4,1206.2,1206.4
201808311816,1206,1206,1205.9,1205.9,1206.4,1206.4,1206.3,1206.3
201808311817,1206,1206,1205.9,1205.9,1206.4,1206.4,1206.3,1206.3
201808311818,1205.9,1206.1,1205.7,1205.7,1206.3,1206.5,1206.1,1206.1
201808311819,1205.7,1206,1205.7,1206,1206.1,1206.4,1206.1,1206.4
201808311820,1206,1206.1,1205.8,1205.8,1206.4,1206.5,1206.2,1206.2
201808311821,1205.9,1206.3,1205.9,1206.1,1206.3,1206.7,1206.3,1206.5
201808311822,1206.1,1206.3,1206.1,1206.2,1206.5,1206.7,1206.5,1206.6
201808311823,1206.2,1206.3,1205.9,1206.1,1206.6,1206.7,1206.3,1206.5
201808311824,1206.1,1206.1,1205.7,1205.7,1206.5,1206.5,1206.1,1206.1
201808311825,1205.7,1206,1205.7,1205.9,1206.1,1206.4,1206.1,1206.3
201808311826,1205.9,1206.1,1205.9,1206.1,1206.3,1206.5,1206.3,1206.5
201808311827,1206.1,1206.3,1206.1,1206.2,1206.5,1206.7,1206.5,1206.6
201808311828,1206.2,1206.2,1205.8,1205.8,1206.6,1206.6,1206.2,1206.2
201808311829,1205.8,1206,1205.8,1206,1206.2,1206.4,1206.2,1206.4
201808311830,1206,1206.5,1205.9,1206.3,1206.4,1206.9,1206.3,1206.7
201808311831,1206.3,1206.3,1206.1,1206.2,1206.7,1206.7,1206.5,1206.6
201808311832,1206.2,1206.5,1206.2,1206.5,1206.6,1206.9,1206.6,1206.9
201808311833,1206.5,1206.8,1206.4,1206.7,1206.9,1207.2,1206.8,1207.1
201808311834,1206.7,1206.8,1206.6,1206.7,1207.1,1207.2,1207,1207.1
201808311835,1206.7,1206.8,1206.7,1206.7,1207.1,1207.2,1207.1,1207.1
201808311836,1206.7,1206.8,1206.6,1206.7,1207.1,1207.2,1207,1207.1
201808311837,1206.7,1206.8,1206.6,1206.6,1207.1,1207.2,1207,1207
201808311838,1206.6,1206.7,1206.6,1206.7,1207,1207.1,1207,1207.1
201808311839,1206.7,1206.9,1206.7,1206.7,1207.1,1207.3,1207.1,1207.1
201808311840,1206.7,1206.9,1206.7,1206.9,1207.1,1207.3,1207.1,1207.3
201808311841,1206.8,1207.2,1206.8,1207.2,1207.2,1207.6,1207.2,1207.6
201808311842,1207.2,1207.2,1207,1207,1207.6,1207.6,1207.4,1207.4
201808311843,1207,1207,1206.9,1207,1207.4,1207.4,1207.3,1207.4
201808311844,1207,1207,1206.7,1206.8,1207.4,1207.4,1207.1,1207.2
201808311845,1206.8,1206.8,1206.8,1206.8,1207.2,1207.2,1207.2,1207.2
201808311846,1206.8,1206.8,1206.7,1206.7,1207.2,1207.2,1207.1,1207.1
201808311847,1206.7,1206.9,1206.7,1206.8,1207.1,1207.3,1207.1,1207.2
201808311848,1206.8,1206.9,1206.7,1206.9,1207.2,1207.3,1207.1,1207.3
201808311849,1206.9,1206.9,1206.8,1206.9,1207.3,1207.3,1207.2,1207.3
201808311850,1206.9,1206.9,1206.8,1206.9,1207.3,1207.3,1207.2,1207.3
201808311851,1206.9,1206.9,1206.6,1206.6,1207.3,1207.3,1207,1207
201808311852,1206.6,1206.9,1206.6,1206.9,1207,1207.3,1207,1207.3
201808311853,1206.9,1206.9,1206.9,1206.9,1207.3,1207.3,1207.3,1207.3
201808311854,1206.9,1206.9,1206.7,1206.8,1207.3,1207.3,1207.1,1207.2
201808311855,1206.8,1206.8,1206.6,1206.7,1207.2,1207.2,1207,1207.1
201808311856,1206.7,1206.7,1206.6,1206.7,1207.1,1207.1,1207,1207.1
201808311857,1206.7,1206.7,1206.5,1206.6,1207.1,1207.1,1206.9,1207
201808311858,1206.6,1207,1206.6,1206.9,1207,1207.4,1207,1207.3
201808311859,1206.9,1207.1,1206.9,1207.1,1207.3,1207.5,1207.3,1207.5
201808311900,1207.1,1207.1,1207,1207,1207.5,1207.5,1207.4,1207.4
201808311901,1207.1,1207.3,1207,1207.1,1207.5,1207.7,1207.4,1207.5
201808311902,1207.2,1207.3,1207.2,1207.2,1207.6,1207.7,1207.6,1207.6
201808311903,1207.2,1207.2,1206.8,1206.9,1207.6,1207.6,1207.2,1207.3
201808311904,1206.9,1206.9,1206.8,1206.8,1207.3,1207.3,1207.2,1207.2
201808311905,1206.8,1207.2,1206.8,1207.2,1207.2,1207.6,1207.2,1207.6
201808311906,1207.2,1207.3,1207.1,1207.3,1207.6,1207.7,1207.5,1207.7
201808311907,1207.3,1207.3,1207.2,1207.2,1207.7,1207.7,1207.6,1207.6
201808311908,1207.2,1207.4,1207.2,1207.3,1207.6,1207.8,1207.6,1207.7
201808311909,1207.3,1207.3,1207.2,1207.2,1207.7,1207.7,1207.6,1207.6
201808311910,1207.2,1207.2,1207,1207,1207.6,1207.6,1207.4,1207.4
201808311911,1207,1207.1,1207,1207,1207.4,1207.5,1207.4,1207.4
201808311912,1207,1207,1206.4,1206.6,1207.4,1207.4,1206.8,1207
201808311913,1206.6,1206.7,1206.2,1206.2,1207,1207.1,1206.6,1206.6
201808311914,1206.2,1206.2,1206.1,1206.1,1206.6,1206.6,1206.5,1206.5
201808311915,1206.1,1206.3,1205.8,1205.9,1206.5,1206.7,1206.2,1206.3
201808311916,1205.8,1205.9,1205.5,1205.7,1206.2,1206.3,1205.9,1206.1
201808311917,1205.7,1205.8,1205.6,1205.8,1206.1,1206.2,1206,1206.2
201808311918,1205.8,1206.1,1205.8,1205.8,1206.2,1206.5,1206.2,1206.2
201808311919,1205.8,1206,1205.8,1205.9,1206.2,1206.4,1206.2,1206.3
201808311920,1205.9,1206.1,1205.9,1205.9,1206.3,1206.5,1206.3,1206.3
201808311921,1205.9,1206,1205.8,1205.8,1206.3,1206.4,1206.2,1206.2
201808311922,1205.8,1205.9,1205.8,1205.8,1206.2,1206.3,1206.2,1206.2
201808311923,1205.8,1205.9,1205.6,1205.7,1206.2,1206.3,1206,1206.1
201808311924,1205.7,1205.8,1205.7,1205.8,1206.1,1206.2,1206.1,1206.2
201808311925,1205.8,1205.9,1205.8,1205.8,1206.2,1206.3,1206.2,1206.2
201808311926,1205.8,1206,1205.8,1206,1206.2,1206.4,1206.2,1206.4
201808311927,1206,1206.3,1206,1206.3,1206.4,1206.7,1206.4,1206.7
201808311928,1206.3,1206.4,1206.2,1206.3,1206.7,1206.8,1206.6,1206.7
201808311929,1206.3,1206.4,1206.2,1206.2,1206.7,1206.8,1206.6,1206.6
201808311930,1206.2,1206.4,1206.2,1206.3,1206.6,1206.8,1206.6,1206.7
201808311931,1206.3,1206.4,1206.3,1206.4,1206.7,1206.8,1206.7,1206.8
201808311932,1206.4,1206.4,1206.3,1206.3,1206.8,1206.8,1206.7,1206.7
201808311933,1206.3,1206.3,1205.9,1206,1206.7,1206.7,1206.3,1206.4
201808311934,1206,1206.1,1206,1206,1206.4,1206.5,1206.4,1206.4
201808311935,1206,1206,1205.7,1205.8,1206.4,1206.4,1206.1,1206.2
201808311936,1205.8,1205.8,1205.6,1205.7,1206.2,1206.2,1206,1206.1
201808311937,1205.7,1206.1,1205.7,1206.1,1206.1,1206.5,1206.1,1206.5
201808311938,1206.1,1206.2,1206.1,1206.2,1206.5,1206.6,1206.5,1206.6
201808311939,1206.2,1206.4,1206.2,1206.4,1206.6,1206.8,1206.6,1206.8
201808311940,1206.4,1206.5,1206.4,1206.4,1206.8,1206.9,1206.8,1206.8
201808311941,1206.4,1206.4,1206.1,1206.1,1206.8,1206.8,1206.5,1206.5
201808311942,1206.1,1206.2,1206,1206.2,1206.5,1206.6,1206.4,1206.6
201808311943,1206.2,1206.4,1206.2,1206.2,1206.6,1206.8,1206.6,1206.6
201808311944,1206.2,1206.3,1206,1206,1206.6,1206.7,1206.4,1206.4
201808311945,1206,1206,1205.9,1206,1206.4,1206.4,1206.3,1206.4
201808311946,1206,1206.1,1205.9,1206.1,1206.4,1206.5,1206.3,1206.5
201808311947,1206.1,1206.1,1206.1,1206.1,1206.5,1206.5,1206.5,1206.5
201808311948,1206.1,1206.1,1205.9,1205.9,1206.5,1206.5,1206.3,1206.3
201808311949,1205.9,1205.9,1205.7,1205.7,1206.3,1206.3,1206.1,1206.1
201808311950,1205.7,1205.8,1205.7,1205.8,1206.1,1206.2,1206.1,1206.2
201808311951,1205.8,1205.8,1205.7,1205.8,1206.2,1206.2,1206.1,1206.2
201808311952,1205.8,1205.9,1205.8,1205.9,1206.2,1206.3,1206.2,1206.3
201808311953,1205.9,1206.1,1205.9,1206.1,1206.3,1206.5,1206.3,1206.5
201808311954,1206.1,1206.1,1206,1206.1,1206.5,1206.5,1206.4,1206.5
201808311955,1206.1,1206.6,1206.1,1206.5,1206.5,1207,1206.5,1206.9
201808311956,1206.5,1206.6,1206.4,1206.6,1206.9,1207,1206.8,1207
201808311957,1206.6,1206.7,1206.5,1206.7,1207,1207.1,1206.9,1207.1
201808311958,1206.7,1206.8,1206.6,1206.7,1207.1,1207.2,1207,1207.1
201808311959,1206.7,1206.9,1206.4,1206.6,1207.1,1207.3,1206.8,1207
201808312000,1206.6,1206.6,1206.5,1206.5,1207,1207,1206.9,1206.9
201808312001,1206.5,1206.5,1206.1,1206.1,1206.9,1206.9,1206.5,1206.5
201808312002,1206.1,1206.3,1206.1,1206.3,1206.5,1206.7,1206.5,1206.7
201808312003,1206.3,1206.3,1206.1,1206.1,1206.7,1206.7,1206.5,1206.5
201808312004,1206.1,1206.1,1206,1206,1206.5,1206.5,1206.4,1206.4
201808312005,1206,1206.1,1205.8,1205.9,1206.4,1206.5,1206.2,1206.3
201808312006,1205.9,1206,1205.8,1206,1206.3,1206.4,1206.2,1206.4
201808312007,1206,1206,1205.9,1206,1206.4,1206.4,1206.3,1206.4
201808312008,1206,1206.1,1205.9,1206.1,1206.4,1206.5,1206.3,1206.5
201808312009,1206.1,1206.1,1205.8,1205.8,1206.5,1206.5,1206.2,1206.2
201808312010,1205.8,1205.9,1205.7,1205.8,1206.2,1206.3,1206.1,1206.2
201808312011,1205.8,1205.9,1205.7,1205.9,1206.2,1206.3,1206.1,1206.3
201808312012,1205.9,1206,1205.8,1205.8,1206.3,1206.4,1206.2,1206.2
201808312013,1205.8,1205.9,1205.7,1205.9,1206.2,1206.3,1206.1,1206.3
201808312014,1205.9,1206,1205.9,1206,1206.3,1206.4,1206.3,1206.4
201808312015,1206,1206,1205.5,1205.5,1206.4,1206.4,1205.9,1205.9
201808312016,1205.5,1205.5,1204.3,1204.3,1205.9,1205.9,1204.7,1204.7
201808312017,1204.4,1204.4,1203.9,1204.2,1204.8,1204.8,1204.3,1204.6
201808312018,1204.2,1204.5,1204.2,1204.5,1204.6,1204.9,1204.6,1204.9
201808312019,1204.5,1204.5,1204.1,1204.1,1204.9,1204.9,1204.5,1204.5
201808312020,1204.1,1204.1,1203.9,1204,1204.5,1204.5,1204.3,1204.4
201808312021,1204,1204.2,1203.9,1204,1204.4,1204.6,1204.3,1204.4
201808312022,1204,1204,1203.9,1204,1204.4,1204.4,1204.3,1204.4
201808312023,1204,1204,1204,1204,1204.4,1204.4,1204.4,1204.4
201808312024,1204,1204.1,1203.4,1203.5,1204.4,1204.5,1203.8,1203.9
201808312025,1203.5,1203.5,1202.6,1203.1,1203.9,1203.9,1203,1203.5
201808312026,1203.1,1203.6,1203.1,1203.5,1203.5,1204,1203.5,1203.9
201808312027,1203.5,1203.7,1203.5,1203.6,1203.9,1204.1,1203.9,1204
201808312028,1203.6,1203.7,1203.6,1203.7,1204,1204.1,1204,1204.1
201808312029,1203.7,1203.7,1203.4,1203.6,1204.1,1204.1,1203.8,1204
201808312030,1203.5,1203.7,1203.4,1203.6,1203.9,1204.1,1203.8,1204
201808312031,1203.6,1203.8,1203.6,1203.6,1204,1204.2,1204,1204
201808312032,1203.6,1204,1203.6,1203.9,1204,1204.4,1204,1204.3
201808312033,1203.9,1204,1203.8,1203.9,1204.3,1204.4,1204.2,1204.3
201808312034,1203.8,1203.8,1203.1,1203.2,1204.2,1204.2,1203.5,1203.6
201808312035,1203.2,1203.3,1202.5,1202.7,1203.6,1203.7,1202.9,1203.1
201808312036,1202.7,1203,1202.7,1203,1203.1,1203.4,1203.1,1203.4
201808312037,1203,1203.3,1203,1203.2,1203.4,1203.7,1203.4,1203.6
201808312038,1203.2,1203.3,1203.2,1203.2,1203.6,1203.7,1203.6,1203.6
201808312039,1203.2,1203.5,1203.2,1203.4,1203.6,1203.9,1203.6,1203.8
201808312040,1203.4,1203.4,1203.3,1203.4,1203.8,1203.8,1203.7,1203.8
201808312041,1203.4,1203.6,1203.4,1203.6,1203.8,1204,1203.8,1204
201808312042,1203.6,1203.7,1203.6,1203.6,1204,1204.1,1204,1204
201808312043,1203.6,1203.8,1203.6,1203.7,1204,1204.2,1204,1204.1
201808312044,1203.7,1203.7,1203.4,1203.4,1204.1,1204.1,1203.8,1203.8
201808312045,1203.4,1203.5,1203.1,1203.2,1203.8,1203.9,1203.5,1203.6
201808312046,1203.2,1203.5,1203.1,1203.5,1203.6,1203.9,1203.5,1203.9
201808312047,1203.5,1203.6,1203.5,1203.6,1203.9,1204,1203.9,1204
201808312048,1203.6,1204,1203.6,1204,1204,1204.4,1204,1204.4
201808312049,1204,1204,1203.7,1203.7,1204.4,1204.4,1204.1,1204.1
201808312050,1203.7,1203.8,1203.3,1203.3,1204.1,1204.2,1203.7,1203.7
201808312051,1203.3,1203.5,1203.1,1203.4,1203.7,1203.9,1203.5,1203.8
201808312052,1203.4,1203.5,1203.4,1203.5,1203.8,1203.9,1203.8,1203.9
201808312053,1203.5,1203.5,1203.4,1203.4,1203.9,1203.9,1203.8,1203.8
201808312054,1203.4,1203.5,1203.3,1203.4,1203.8,1203.9,1203.7,1203.8
201808312055,1203.4,1203.5,1203,1203.5,1203.8,1203.9,1203.4,1203.9
201808312056,1203.5,1203.6,1203.4,1203.6,1203.9,1204,1203.8,1204
201808312057,1203.6,1203.8,1203.6,1203.6,1204,1204.2,1204,1204
201808312058,1203.6,1203.9,1203.6,1203.8,1204,1204.3,1204,1204.2
201808312059,1203.8,1203.9,1203.7,1203.9,1204.2,1204.3,1204.1,1204.3
201808312100,1203.8,1203.8,1203.6,1203.7,1204.2,1204.2,1204,1204.1
201808312101,1203.6,1204,1203.6,1203.9,1204,1204.4,1204,1204.3
201808312102,1203.9,1204.6,1203.9,1204.3,1204.3,1205,1204.3,1204.7
201808312103,1204.3,1204.4,1204.1,1204.3,1204.7,1204.8,1204.5,1204.7
201808312104,1204.3,1204.3,1203.7,1203.8,1204.7,1204.7,1204.1,1204.2
201808312105,1203.8,1203.9,1203.5,1203.5,1204.2,1204.3,1203.9,1203.9
201808312106,1203.6,1203.8,1203.3,1203.8,1204,1204.2,1203.7,1204.2
201808312107,1203.8,1204.3,1203.8,1204.3,1204.2,1204.7,1204.2,1204.7
201808312108,1204.3,1204.4,1203.9,1204.2,1204.7,1204.8,1204.3,1204.6
201808312109,1204.2,1204.2,1203.9,1204,1204.6,1204.6,1204.3,1204.4
201808312110,1204,1204,1203.6,1203.6,1204.4,1204.4,1204,1204
201808312111,1203.6,1204,1203.6,1204,1204,1204.4,1204,1204.4
201808312112,1204,1204.1,1203.8,1203.9,1204.4,1204.5,1204.2,1204.3
201808312113,1203.9,1204,1203.8,1203.9,1204.3,1204.4,1204.2,1204.3
201808312114,1203.9,1204.2,1203.9,1204,1204.3,1204.6,1204.3,1204.4
201808312115,1204,1204.2,1204,1204.2,1204.4,1204.6,1204.4,1204.6
201808312116,1204.2,1204.3,1204,1204.3,1204.6,1204.7,1204.4,1204.7
201808312117,1204.3,1204.4,1204.1,1204.4,1204.7,1204.8,1204.5,1204.8
201808312118,1204.4,1204.4,1204,1204,1204.8,1204.8,1204.4,1204.4
201808312119,1204,1204.4,1204,1204.3,1204.4,1204.8,1204.4,1204.7
201808312120,1204.3,1204.4,1204,1204,1204.7,1204.8,1204.4,1204.4
201808312121,1204,1204.1,1204,1204,1204.4,1204.5,1204.4,1204.4
201808312122,1203.9,1204.1,1203.9,1204,1204.3,1204.5,1204.3,1204.4
201808312123,1204,1204.2,1203.9,1204,1204.4,1204.6,1204.3,1204.4
201808312124,1204,1204.2,1203.8,1204.2,1204.4,1204.6,1204.2,1204.6
201808312125,1204.2,1204.4,1203.9,1204,1204.6,1204.8,1204.3,1204.4
201808312126,1204,1204.2,1203.9,1204.2,1204.4,1204.6,1204.3,1204.6
201808312127,1204.2,1204.2,1203.8,1203.8,1204.6,1204.6,1204.2,1204.2
201808312128,1203.8,1203.9,1203.7,1203.9,1204.2,1204.3,1204.1,1204.3
201808312129,1203.9,1204,1203.8,1203.9,1204.3,1204.4,1204.2,1204.3
201808312130,1203.9,1204.1,1203.9,1204.1,1204.3,1204.5,1204.3,1204.5
201808312131,1204.1,1204.3,1204.1,1204.2,1204.5,1204.7,1204.5,1204.6
201808312132,1204.2,1204.3,1204.2,1204.3,1204.6,1204.7,1204.6,1204.7
201808312133,1204.2,1204.3,1203.9,1203.9,1204.6,1204.7,1204.3,1204.3
201808312134,1203.9,1203.9,1203.5,1203.7,1204.3,1204.3,1203.9,1204.1
201808312135,1203.7,1203.8,1203.6,1203.6,1204.1,1204.2,1204,1204
201808312136,1203.6,1203.6,1203.1,1203.1,1204,1204,1203.5,1203.5
201808312137,1203.1,1203.3,1202.8,1203,1203.5,1203.7,1203.2,1203.4
201808312138,1203,1203.1,1202.8,1202.9,1203.4,1203.5,1203.2,1203.3
201808312139,1202.9,1202.9,1202.2,1202.2,1203.3,1203.3,1202.6,1202.6
201808312140,1202.2,1202.8,1202.2,1202.5,1202.6,1203.2,1202.6,1202.9
201808312141,1202.5,1202.7,1202.5,1202.5,1202.9,1203.1,1202.9,1202.9
201808312142,1202.6,1202.7,1202.5,1202.7,1203,1203.1,1202.9,1203.1
201808312143,1202.7,1202.9,1202.7,1202.8,1203.1,1203.3,1203.1,1203.2
201808312144,1202.8,1202.8,1202.3,1202.5,1203.2,1203.2,1202.7,1202.9
201808312145,1202.5,1202.7,1202.4,1202.7,1202.9,1203.1,1202.8,1203.1
201808312146,1202.7,1202.9,1202.6,1202.8,1203.1,1203.3,1203,1203.2
201808312147,1202.8,1203,1202.7,1203,1203.2,1203.4,1203.1,1203.4
201808312148,1203,1203.2,1203,1203.2,1203.4,1203.6,1203.4,1203.6
201808312149,1203.2,1203.2,1203,1203.2,1203.6,1203.6,1203.4,1203.6
201808312150,1203.2,1203.2,1202.8,1202.9,1203.6,1203.6,1203.2,1203.3
201808312151,1202.9,1202.9,1202.7,1202.7,1203.3,1203.3,1203.1,1203.1
201808312152,1202.7,1202.9,1202.4,1202.9,1203.1,1203.3,1202.8,1203.3
201808312153,1202.9,1202.9,1202.5,1202.6,1203.3,1203.3,1202.9,1203
201808312154,1202.5,1202.7,1202.3,1202.6,1202.9,1203.1,1202.7,1203
201808312155,1202.6,1202.8,1202.6,1202.7,1203,1203.2,1203,1203.1
201808312156,1202.7,1202.8,1202.3,1202.4,1203.1,1203.2,1202.7,1202.8
201808312157,1202.4,1202.5,1202.4,1202.5,1202.8,1202.9,1202.8,1202.9
201808312158,1202.5,1202.6,1202.4,1202.6,1202.9,1203,1202.8,1203
201808312159,1202.6,1202.6,1202.4,1202.6,1203,1203,1202.8,1203
201808312200,1202.6,1202.6,1202.3,1202.3,1203,1203,1202.7,1202.7
201808312201,1202.3,1202.5,1202.3,1202.4,1202.7,1202.9,1202.7,1202.8
201808312202,1202.4,1202.4,1202.3,1202.3,1202.8,1202.8,1202.7,1202.7
201808312203,1202.3,1202.3,1201.5,1202.1,1202.7,1202.7,1201.9,1202.5
201808312204,1202.1,1202.3,1201.9,1202.3,1202.5,1202.7,1202.3,1202.7
201808312205,1202.3,1203.1,1202.3,1202.9,1202.7,1203.5,1202.7,1203.3
201808312206,1202.9,1203,1202.6,1202.7,1203.3,1203.4,1203,1203.1
201808312207,1202.7,1202.9,1202.3,1202.5,1203.1,1203.3,1202.7,1202.9
201808312208,1202.5,1202.5,1202.2,1202.4,1202.9,1202.9,1202.6,1202.8
201808312209,1202.4,1202.4,1202.2,1202.3,1202.8,1202.8,1202.6,1202.7
201808312210,1202.2,1202.2,1201.8,1202,1202.6,1202.6,1202.2,1202.4
201808312211,1202,1202.2,1201.6,1201.6,1202.4,1202.6,1202,1202
201808312212,1201.6,1201.7,1201.5,1201.6,1202,1202.1,1201.9,1202
201808312213,1201.6,1201.8,1201.4,1201.8,1202,1202.2,1201.8,1202.2
201808312214,1201.8,1201.9,1201.5,1201.6,1202.2,1202.3,1201.9,1202
201808312215,1201.6,1201.7,1201.4,1201.7,1202,1202.1,1201.8,1202.1
201808312216,1201.7,1201.8,1201.6,1201.7,1202.1,1202.2,1202,1202.1
201808312217,1201.7,1202.3,1201.7,1202.1,1202.1,1202.7,1202.1,1202.5
201808312218,1202.1,1202.5,1202.1,1202.3,1202.5,1202.9,1202.5,1202.7
201808312219,1202.3,1202.4,1202.1,1202.1,1202.7,1202.8,1202.5,1202.5
201808312220,1202.2,1202.2,1202,1202,1202.6,1202.6,1202.4,1202.4
201808312221,1202,1202.1,1201.9,1202.1,1202.4,1202.5,1202.3,1202.5
201808312222,1202.2,1202.2,1201.9,1201.9,1202.6,1202.6,1202.3,1202.3
201808312223,1201.9,1202.2,1201.9,1202,1202.3,1202.6,1202.3,1202.4
201808312224,1201.9,1202.1,1201.8,1202.1,1202.3,1202.5,1202.2,1202.5
201808312225,1202.1,1202.1,1201.9,1202,1202.5,1202.5,1202.3,1202.4
201808312226,1202,1202,1201.6,1201.7,1202.4,1202.4,1202,1202.1
201808312227,1201.7,1201.8,1201.6,1201.7,1202.1,1202.2,1202,1202.1
201808312228,1201.7,1201.7,1201.2,1201.3,1202.1,1202.1,1201.6,1201.7
201808312229,1201.3,1201.4,1201.3,1201.4,1201.7,1201.8,1201.7,1201.8
201808312230,1201.4,1201.5,1201.3,1201.5,1201.8,1201.9,1201.7,1201.9
201808312231,1201.5,1201.5,1200.5,1201,1201.9,1201.9,1200.9,1201.4
201808312232,1201,1201.3,1200.9,1201.2,1201.4,1201.7,1201.3,1201.6
201808312233,1201.2,1201.4,1201.2,1201.2,1201.6,1201.8,1201.6,1201.6
201808312234,1201.2,1201.8,1201.2,1201.5,1201.6,1202.2,1201.6,1201.9
201808312235,1201.5,1201.7,1201.5,1201.6,1201.9,1202.1,1201.9,1202
201808312236,1201.6,1201.8,1201.6,1201.7,1202,1202.2,1202,1202.1
201808312237,1201.7,1202,1201.7,1201.9,1202.1,1202.4,1202.1,1202.3
201808312238,1201.9,1202.2,1201.9,1202.1,1202.3,1202.6,1202.3,1202.5
201808312239,1202.1,1202.3,1202.1,1202.3,1202.5,1202.7,1202.5,1202.7
201808312240,1202.3,1202.5,1202.2,1202.2,1202.7,1202.9,1202.6,1202.6
201808312241,1202.2,1202.3,1202.2,1202.3,1202.6,1202.7,1202.6,1202.7
201808312242,1202.3,1202.4,1202.2,1202.4,1202.7,1202.8,1202.6,1202.8
201808312243,1202.4,1202.7,1202.3,1202.6,1202.8,1203.1,1202.7,1203
201808312244,1202.6,1202.9,1202.6,1202.9,1203,1203.3,1203,1203.3
201808312245,1202.9,1203,1202.7,1202.8,1203.3,1203.4,1203.1,1203.2
201808312246,1202.8,1202.8,1202.4,1202.6,1203.2,1203.2,1202.8,1203
201808312247,1202.6,1202.6,1202.5,1202.5,1203,1203,1202.9,1202.9
201808312248,1202.5,1202.6,1201.6,1201.8,1202.9,1203,1202,1202.2
201808312249,1201.8,1202.1,1201.8,1202,1202.2,1202.5,1202.2,1202.4
201808312250,1202,1202.1,1201.8,1201.9,1202.4,1202.5,1202.2,1202.3
201808312251,1201.9,1202,1201.8,1201.9,1202.3,1202.4,1202.2,1202.3
201808312252,1201.9,1201.9,1201.6,1201.8,1202.3,1202.3,1202,1202.2
201808312253,1201.8,1201.9,1201.6,1201.9,1202.2,1202.3,1202,1202.3
201808312254,1201.9,1201.9,1201.6,1201.6,1202.3,1202.3,1202,1202
201808312255,1201.6,1201.8,1201.6,1201.8,1202,1202.2,1202,1202.2
201808312256,1201.8,1202.3,1201.8,1202.2,1202.2,1202.7,1202.2,1202.6
201808312257,1202.2,1202.5,1202.2,1202.4,1202.6,1202.9,1202.6,1202.8
201808312258,1202.4,1202.8,1202.4,1202.8,1202.8,1203.2,1202.8,1203.2
201808312259,1202.8,1203,1202.6,1202.6,1203.2,1203.4,1203,1203
201808312300,1202.6,1202.6,1202,1202.4,1203,1203,1202.4,1202.8
201808312301,1202.4,1202.5,1202.2,1202.4,1202.8,1202.9,1202.6,1202.8
201808312302,1202.4,1202.6,1202.4,1202.6,1202.8,1203,1202.8,1203
201808312303,1202.6,1202.6,1202.1,1202.2,1203,1203,1202.5,1202.6
201808312304,1202.2,1202.2,1201.9,1202.2,1202.6,1202.6,1202.3,1202.6
201808312305,1202.2,1202.2,1202,1202,1202.6,1202.6,1202.4,1202.4
201808312306,1202.1,1202.4,1202,1202.3,1202.5,1202.8,1202.4,1202.7
201808312307,1202.3,1202.6,1202.3,1202.5,1202.7,1203,1202.7,1202.9
201808312308,1202.5,1202.6,1202.4,1202.5,1202.9,1203,1202.8,1202.9
201808312309,1202.5,1202.9,1202.4,1202.7,1202.9,1203.3,1202.8,1203.1
201808312310,1202.7,1203.1,1202.7,1203,1203.1,1203.5,1203.1,1203.4
201808312311,1203,1203.3,1203,1203.1,1203.4,1203.7,1203.4,1203.5
201808312312,1203.1,1203.3,1203,1203.3,1203.5,1203.7,1203.4,1203.7
201808312313,1203.3,1203.7,1203.3,1203.7,1203.7,1204.1,1203.7,1204.1
201808312314,1203.7,1203.9,1203.6,1203.9,1204.1,1204.3,1204,1204.3
201808312315,1203.9,1203.9,1203.4,1203.6,1204.3,1204.3,1203.8,1204
201808312316,1203.6,1203.7,1203.5,1203.5,1204,1204.1,1203.9,1203.9
201808312317,1203.5,1203.6,1203.4,1203.5,1203.9,1204,1203.8,1203.9
201808312318,1203.5,1203.5,1203.2,1203.2,1203.9,1203.9,1203.6,1203.6
201808312319,1203.2,1203.3,1203.1,1203.3,1203.6,1203.7,1203.5,1203.7
201808312320,1203.3,1203.4,1203.2,1203.4,1203.7,1203.8,1203.6,1203.8
201808312321,1203.4,1203.6,1203.2,1203.6,1203.8,1204,1203.6,1204
201808312322,1203.6,1203.7,1203.5,1203.6,1204,1204.1,1203.9,1204
201808312323,1203.6,1203.7,1203.6,1203.7,1204,1204.1,1204,1204.1
201808312324,1203.7,1203.8,1203.6,1203.8,1204.1,1204.2,1204,1204.2
201808312325,1203.8,1204,1203.8,1203.9,1204.2,1204.4,1204.2,1204.3
201808312326,1203.9,1203.9,1203.6,1203.7,1204.3,1204.3,1204,1204.1
201808312327,1203.7,1204,1203.7,1203.9,1204.1,1204.4,1204.1,1204.3
201808312328,1203.9,1203.9,1203.4,1203.4,1204.3,1204.3,1203.8,1203.8
201808312329,1203.3,1203.7,1203.2,1203.4,1203.7,1204.1,1203.6,1203.8
201808312330,1203.4,1203.6,1203.4,1203.6,1203.8,1204,1203.8,1204
201808312331,1203.6,1203.8,1203.5,1203.8,1204,1204.2,1203.9,1204.2
201808312332,1203.8,1204.3,1203.8,1204.3,1204.2,1204.7,1204.2,1204.7
201808312333,1204.3,1204.4,1204.1,1204.3,1204.7,1204.8,1204.5,1204.7
201808312334,1204.3,1204.3,1204.1,1204.1,1204.7,1204.7,1204.5,1204.5
201808312335,1204.1,1204.2,1204,1204,1204.5,1204.6,1204.4,1204.4
201808312336,1204,1204,1203.7,1204,1204.4,1204.4,1204.1,1204.4
201808312337,1204,1204.3,1204,1204.2,1204.4,1204.7,1204.4,1204.6
201808312338,1204.2,1204.2,1203.9,1204,1204.6,1204.6,1204.3,1204.4
201808312339,1204,1204.3,1203.9,1204.3,1204.4,1204.7,1204.3,1204.7
201808312340,1204.3,1204.6,1204.2,1204.2,1204.7,1205,1204.6,1204.6
201808312341,1204.2,1204.5,1204.2,1204.5,1204.6,1204.9,1204.6,1204.9
201808312342,1204.5,1204.6,1204.4,1204.5,1204.9,1205,1204.8,1204.9
201808312343,1204.5,1204.6,1204.5,1204.5,1204.9,1205,1204.9,1204.9
201808312344,1204.6,1204.7,1204.5,1204.6,1205,1205.1,1204.9,1205
201808312345,1204.6,1204.9,1204.6,1204.6,1205,1205.3,1205,1205
201808312346,1204.6,1204.6,1204.4,1204.4,1205,1205,1204.8,1204.8
201808312347,1204.4,1204.4,1204.2,1204.2,1204.8,1204.8,1204.6,1204.6
201808312348,1204.2,1204.3,1204,1204.1,1204.6,1204.7,1204.4,1204.5
201808312349,1204,1204.1,1203.7,1203.8,1204.4,1204.5,1204.1,1204.2
201808312350,1203.8,1204,1203.8,1203.8,1204.2,1204.4,1204.2,1204.2
201808312351,1203.8,1204,1203.6,1203.7,1204.2,1204.4,1204,1204.1
201808312352,1203.7,1203.9,1203.6,1203.7,1204.1,1204.3,1204,1204.1
201808312353,1203.7,1204,1203.7,1203.9,1204.1,1204.4,1204.1,1204.3
201808312354,1203.9,1204,1203.7,1203.9,1204.3,1204.4,1204.1,1204.3
201808312355,1203.9,1204.3,1203.7,1204,1204.3,1204.7,1204.1,1204.4
201808312356,1204,1204.3,1204,1204,1204.4,1204.7,1204.4,1204.4
201808312357,1204,1204.6,1204,1204.5,1204.4,1205,1204.4,1204.9
201808312358,1204.5,1204.5,1204.1,1204.1,1204.9,1204.9,1204.5,1204.5
201808312359,1204.1,1204.6,1204.1,1204.4,1204.5,1205,1204.5,1204.8
201809010000,1204.4,1204.5,1204.1,1204.1,1204.8,1204.9,1204.5,1204.5
201809010001,1204.1,1204.6,1204.1,1204.5,1204.5,1205,1204.5,1204.9
201809010002,1204.5,1204.6,1204.2,1204.4,1204.9,1205,1204.6,1204.8
201809010003,1204.4,1204.6,1204.4,1204.4,1204.8,1205,1204.8,1204.8
201809010004,1204.4,1204.5,1204.1,1204.2,1204.8,1204.9,1204.5,1204.6
201809010005,1204.3,1204.3,1203.8,1203.8,1204.7,1204.7,1204.2,1204.2
201809010006,1203.8,1204,1203.8,1203.8,1204.2,1204.4,1204.2,1204.2
201809010007,1203.8,1204,1203.8,1203.8,1204.2,1204.4,1204.2,1204.2
201809010008,1203.8,1203.8,1203.6,1203.8,1204.2,1204.2,1204,1204.2
201809010009,1203.8,1203.8,1203.5,1203.5,1204.2,1204.2,1203.9,1203.9
201809010010,1203.5,1203.6,1203.2,1203.4,1203.9,1204,1203.6,1203.8
201809010011,1203.4,1203.4,1202.9,1203.1,1203.8,1203.8,1203.3,1203.5
201809010012,1203.1,1203.2,1202.9,1202.9,1203.5,1203.6,1203.3,1203.3
201809010013,1202.9,1203.1,1202.9,1202.9,1203.3,1203.5,1203.3,1203.3
201809010014,1202.9,1202.9,1202.6,1202.6,1203.3,1203.3,1203,1203
201809010015,1202.6,1202.8,1202.5,1202.6,1203,1203.2,1202.9,1203
201809010016,1202.6,1202.7,1202.3,1202.3,1203,1203.1,1202.7,1202.7
201809010017,1202.3,1202.4,1202.1,1202.1,1202.7,1202.8,1202.5,1202.5
201809010018,1202.1,1202.2,1201.6,1201.7,1202.5,1202.6,1202,1202.1
201809010019,1201.7,1201.8,1201.3,1201.3,1202.1,1202.2,1201.7,1201.7
201809010020,1201.3,1201.6,1201.3,1201.5,1201.7,1202,1201.7,1201.9
201809010021,1201.5,1201.5,1201.3,1201.5,1201.9,1201.9,1201.7,1201.9
201809010022,1201.5,1201.5,1201.3,1201.4,1201.9,1201.9,1201.7,1201.8
201809010023,1201.5,1201.8,1201.5,1201.7,1201.9,1202.2,1201.9,1202.1
201809010024,1201.7,1201.7,1201.1,1201.1,1202.1,1202.1,1201.5,1201.5
201809010025,1201.1,1201.4,1201.1,1201.3,1201.5,1201.8,1201.5,1201.7
201809010026,1201.3,1201.4,1201.3,1201.4,1201.7,1201.8,1201.7,1201.8
201809010027,1201.4,1201.8,1201.4,1201.8,1201.8,1202.2,1201.8,1202.2
201809010028,1201.8,1201.9,1201.5,1201.5,1202.2,1202.3,1201.9,1201.9
201809010029,1201.5,1201.6,1201.1,1201.1,1201.9,1202,1201.5,1201.5
201809010030,1201.2,1201.2,1200.8,1200.8,1201.6,1201.6,1201.2,1201.2
201809010031,1200.8,1201.7,1200.8,1201.5,1201.2,1202.1,1201.2,1201.9
201809010032,1201.5,1201.7,1201.5,1201.6,1201.9,1202.1,1201.9,1202
201809010033,1201.6,1201.7,1201.3,1201.4,1202,1202.1,1201.7,1201.8
201809010034,1201.4,1201.5,1201.2,1201.3,1201.8,1201.9,1201.6,1201.7
201809010035,1201.3,1201.4,1201.1,1201.1,1201.7,1201.8,1201.5,1201.5
201809010036,1201.1,1201.3,1201,1201.2,1201.5,1201.7,1201.4,1201.6
201809010037,1201.2,1201.3,1201,1201.3,1201.6,1201.7,1201.4,1201.7
201809010038,1201.2,1201.3,1200.9,1200.9,1201.6,1201.7,1201.3,1201.3
201809010039,1200.9,1201.1,1200.8,1201.1,1201.3,1201.5,1201.2,1201.5
201809010040,1201.1,1201.1,1201,1201.1,1201.5,1201.5,1201.4,1201.5
201809010041,1201.1,1201.1,1200.2,1200.2,1201.5,1201.5,1200.6,1200.6
201809010042,1200.3,1200.6,1200.2,1200.5,1200.7,1201,1200.6,1200.9
201809010043,1200.5,1201.2,1200.4,1201.1,1200.9,1201.6,1200.8,1201.5
201809010044,1201.1,1201.5,1201,1201.5,1201.5,1201.9,1201.4,1201.9
201809010045,1201.5,1201.6,1201.1,1201.1,1201.9,1202,1201.5,1201.5
201809010046,1201.1,1201.3,1201,1201,1201.5,1201.7,1201.4,1201.4
201809010047,1201,1201.2,1200.7,1200.8,1201.4,1201.6,1201.1,1201.2
201809010048,1200.8,1201.2,1200.8,1200.9,1201.2,1201.6,1201.2,1201.3
201809010049,1200.9,1201.2,1200.7,1200.7,1201.3,1201.6,1201.1,1201.1
201809010050,1200.8,1200.9,1200.5,1200.6,1201.2,1201.3,1200.9,1201
201809010051,1200.6,1200.9,1200.5,1200.9,1201,1201.3,1200.9,1201.3
201809010052,1200.9,1200.9,1200.5,1200.7,1201.3,1201.3,1200.9,1201.1
201809010053,1200.7,1200.7,1200.4,1200.4,1201.1,1201.1,1200.8,1200.8
201809010054,1200.4,1200.6,1200.3,1200.4,1200.8,1201,1200.7,1200.8
201809010055,1200.5,1200.6,1199.7,1199.7,1200.9,1201,1200.1,1200.1
201809010056,1199.8,1200.2,1199.7,1200.1,1200.2,1200.6,1200.1,1200.5
201809010057,1200.2,1200.3,1199.8,1199.9,1200.6,1200.7,1200.2,1200.3
201809010058,1199.9,1199.9,1199.2,1199.3,1200.3,1200.3,1199.6,1199.7
201809010059,1199.3,1200.1,1199.3,1200,1199.7,1200.5,1199.7,1200.4
201809010100,1200,1200.3,1199.8,1200.3,1200.4,1200.7,1200.2,1200.7
201809010101,1200.3,1200.5,1200.2,1200.5,1200.7,1200.9,1200.6,1200.9
201809010102,1200.5,1200.6,1200.3,1200.6,1200.9,1201,1200.7,1201
201809010103,1200.6,1200.7,1200.3,1200.5,1201,1201.1,1200.7,1200.9
201809010104,1200.5,1200.7,1200.4,1200.6,1200.9,1201.1,1200.8,1201
201809010105,1200.5,1200.6,1200.2,1200.3,1200.9,1201,1200.6,1200.7
201809010106,1200.3,1200.4,1200,1200,1200.7,1200.8,1200.4,1200.4
201809010107,1200,1200,1199.7,1199.7,1200.4,1200.4,1200.1,1200.1
201809010108,1199.7,1199.7,1199.6,1199.6,1200.1,1200.1,1200,1200
201809010109,1199.6,1199.8,1199.4,1199.7,1200,1200.2,1199.8,1200.1
201809010110,1199.7,1199.8,1199.6,1199.7,1200.1,1200.2,1200,1200.1
201809010111,1199.7,1199.7,1198.9,1199.1,1200.1,1200.1,1199.3,1199.5
201809010112,1199.1,1199.1,1198.8,1198.9,1199.5,1199.5,1199.2,1199.3
201809010113,1199,1199.2,1198.9,1199.2,1199.4,1199.6,1199.3,1199.6
201809010114,1199.2,1199.3,1199,1199,1199.6,1199.7,1199.4,1199.4
201809010115,1199,1199.2,1198.8,1199.1,1199.4,1199.6,1199.2,1199.5
201809010116,1199.2,1199.4,1199,1199.3,1199.6,1199.8,1199.4,1199.7
201809010117,1199.3,1199.6,1199.3,1199.6,1199.7,1200,1199.7,1200
201809010118,1199.6,1199.7,1199.5,1199.6,1200,1200.1,1199.9,1200
201809010119,1199.6,1199.7,1199.5,1199.5,1200,1200.1,1199.9,1199.9
201809010120,1199.5,1199.5,1199.2,1199.4,1199.9,1199.9,1199.6,1199.8
201809010121,1199.4,1199.5,1199.2,1199.2,1199.8,1199.9,1199.6,1199.6
201809010122,1199.2,1199.6,1199.2,1199.6,1199.6,1200,1199.6,1200
201809010123,1199.6,1199.6,1199.4,1199.5,1200,1200,1199.8,1199.9
201809010124,1199.6,1199.7,1199.4,1199.7,1200,1200.1,1199.8,1200.1
201809010125,1199.7,1199.8,1199.5,1199.7,1200.1,1200.2,1199.9,1200.1
201809010126,1199.7,1199.8,1199.5,1199.8,1200.1,1200.2,1199.9,1200.2
201809010127,1199.8,1199.8,1199.6,1199.6,1200.2,1200.2,1200,1200
201809010128,1199.6,1199.6,1199.4,1199.5,1200,1200,1199.8,1199.9
201809010129,1199.5,1199.5,1198.6,1198.7,1199.9,1199.9,1199,1199.1
201809010130,1198.7,1199.4,1198.6,1199.3,1199.1,1199.8,1199,1199.7
201809010131,1199.3,1199.5,1199.2,1199.4,1199.7,1199.9,1199.6,1199.8
201809010132,1199.4,1199.4,1199.1,1199.2,1199.8,1199.8,1199.5,1199.6
201809010133,1199.2,1199.3,1199,1199,1199.6,1199.7,1199.4,1199.4
201809010134,1199,1199.8,1199,1199.8,1199.4,1200.2,1199.4,1200.2
201809010135,1199.8,1199.9,1199.6,1199.9,1200.2,1200.3,1200,1200.3
201809010136,1199.9,1200,1199.9,1199.9,1200.3,1200.4,1200.3,1200.3
201809010137,1199.9,1199.9,1199.6,1199.7,1200.3,1200.3,1200,1200.1
201809010138,1199.7,1199.9,1199.7,1199.8,1200.1,1200.3,1200.1,1200.2
201809010139,1199.8,1199.8,1199.2,1199.2,1200.2,1200.2,1199.6,1199.6
201809010140,1199.3,1199.6,1199.3,1199.6,1199.7,1200,1199.7,1200
201809010141,1199.6,1199.8,1199.4,1199.7,1200,1200.2,1199.8,1200.1
201809010142,1199.7,1199.8,1199.5,1199.8,1200.1,1200.2,1199.9,1200.2
201809010143,1199.7,1199.8,1199.6,1199.7,1200.1,1200.2,1200,1200.1
201809010144,1199.7,1199.9,1199.6,1199.8,1200.1,1200.3,1200,1200.2
201809010145,1199.8,1200,1199.5,1200,1200.2,1200.4,1199.9,1200.4
201809010146,1200,1200.1,1199.8,1200.1,1200.4,1200.5,1200.2,1200.5
201809010147,1200.1,1200.3,1200.1,1200.3,1200.5,1200.7,1200.5,1200.7
201809010148,1200.3,1200.4,1200.2,1200.4,1200.7,1200.8,1200.6,1200.8
201809010149,1200.4,1200.5,1200.1,1200.1,1200.8,1200.9,1200.5,1200.5
201809010150,1200.1,1200.2,1200,1200.1,1200.5,1200.6,1200.4,1200.5
201809010151,1200.1,1200.1,1199.9,1200,1200.5,1200.5,1200.3,1200.4
201809010152,1200,1200.1,1199.9,1199.9,1200.4,1200.5,1200.3,1200.3
201809010153,1199.9,1199.9,1199.8,1199.9,1200.3,1200.3,1200.2,1200.3
201809010154,1199.9,1199.9,1199.7,1199.8,1200.3,1200.3,1200.1,1200.2
201809010155,1199.8,1200,1199.8,1199.8,1200.2,1200.4,1200.2,1200.2
201809010156,1199.8,1200,1199.8,1200,1200.2,1200.4,1200.2,1200.4
201809010157,1200,1200,1199.9,1199.9,1200.4,1200.4,1200.3,1200.3
201809010158,1199.9,1200,1199.8,1199.8,1200.3,1200.4,1200.2,1200.2
201809010159,1199.8,1199.9,1199.8,1199.9,1200.2,1200.3,1200.2,1200.3
201809010200,1200,1200,1199.6,1199.6,1200.4,1200.4,1200,1200
201809010201,1199.6,1199.6,1199.3,1199.4,1200,1200,1199.7,1199.8
201809010202,1199.4,1199.4,1199.1,1199.2,1199.8,1199.8,1199.5,1199.6
201809010203,1199.2,1199.2,1199,1199,1199.6,1199.6,1199.4,1199.4
201809010204,1199,1199.6,1199,1199.5,1199.4,1200,1199.4,1199.9
201809010205,1199.5,1199.7,1199.5,1199.6,1199.9,1200.1,1199.9,1200
201809010206,1199.6,1199.6,1199.6,1199.6,1200,1200,1200,1200
201809010207,1199.6,1200,1199.6,1200,1200,1200.4,1200,1200.4
201809010208,1200,1200,1199.9,1199.9,1200.4,1200.4,1200.3,1200.3
201809010209,1199.9,1199.9,1199.8,1199.9,1200.3,1200.3,1200.2,1200.3
201809010210,1199.9,1200.1,1199.9,1200.1,1200.3,1200.5,1200.3,1200.5
201809010211,1200.1,1200.1,1200,1200,1200.5,1200.5,1200.4,1200.4
201809010212,1200,1200.1,1200,1200,1200.4,1200.5,1200.4,1200.4
201809010213,1200,1200.4,1200,1200.3,1200.4,1200.8,1200.4,1200.7
201809010214,1200.3,1200.3,1200.2,1200.2,1200.7,1200.7,1200.6,1200.6
201809010215,1200.2,1200.4,1200.2,1200.4,1200.6,1200.8,1200.6,1200.8
201809010216,1200.4,1200.5,1200.3,1200.3,1200.8,1200.9,1200.7,1200.7
201809010217,1200.3,1200.3,1200.1,1200.2,1200.7,1200.7,1200.5,1200.6
201809010218,1200.2,1200.2,1200.2,1200.2,1200.6,1200.6,1200.6,1200.6
201809010219,1200.2,1200.2,1200.2,1200.2,1200.6,1200.6,1200.6,1200.6
201809010220,1200.2,1200.3,1200.1,1200.1,1200.6,1200.7,1200.5,1200.5
201809010221,1200.2,1200.3,1200.1,1200.2,1200.6,1200.7,1200.5,1200.6
201809010222,1200.2,1200.3,1200.2,1200.3,1200.6,1200.7,1200.6,1200.7
201809010223,1200.3,1200.6,1200.3,1200.6,1200.7,1201,1200.7,1201
201809010224,1200.5,1200.6,1200.4,1200.5,1200.9,1201,1200.8,1200.9
201809010225,1200.5,1200.5,1200.2,1200.2,1200.9,1200.9,1200.6,1200.6
201809010226,1200.2,1200.5,1200.2,1200.5,1200.6,1200.9,1200.6,1200.9
201809010227,1200.5,1200.6,1200.4,1200.4,1200.9,1201,1200.8,1200.8
201809010228,1200.4,1200.5,1200.2,1200.2,1200.8,1200.9,1200.6,1200.6
201809010229,1200.2,1201,1200.2,1200.8,1200.6,1201.4,1200.6,1201.2
201809010230,1200.8,1200.9,1200.7,1200.9,1201.2,1201.3,1201.1,1201.3
201809010231,1200.9,1200.9,1200.6,1200.6,1201.3,1201.3,1201,1201
201809010232,1200.6,1200.7,1200.6,1200.6,1201,1201.1,1201,1201
201809010233,1200.7,1200.7,1200.6,1200.6,1201.1,1201.1,1201,1201
201809010234,1200.6,1200.6,1200.6,1200.6,1201,1201,1201,1201
201809010235,1200.6,1200.8,1200.5,1200.7,1201,1201.2,1200.9,1201.1
201809010236,1200.7,1200.8,1200.7,1200.7,1201.1,1201.2,1201.1,1201.1
201809010237,1200.7,1200.8,1200.7,1200.7,1201.1,1201.2,1201.1,1201.1
201809010238,1200.7,1200.8,1200.6,1200.7,1201.1,1201.2,1201,1201.1
201809010239,1200.7,1200.7,1200.6,1200.7,1201.1,1201.1,1201,1201.1
201809010240,1200.7,1200.8,1200.6,1200.8,1201.1,1201.2,1201,1201.2
201809010241,1200.8,1200.8,1200.6,1200.6,1201.2,1201.2,1201,1201
201809010242,1200.6,1200.7,1200.6,1200.7,1201,1201.1,1201,1201.1
201809010243,1200.7,1200.7,1200.7,1200.7,1201.1,1201.1,1201.1,1201.1
201809010244,1200.7,1200.9,1200.7,1200.8,1201.1,1201.3,1201.1,1201.2
201809010245,1200.8,1201.7,1200.8,1201.5,1201.2,1202.1,1201.2,1201.9
201809010246,1201.5,1201.6,1201.3,1201.5,1201.9,1202,1201.7,1201.9
201809010247,1201.5,1201.9,1201.4,1201.7,1201.9,1202.3,1201.8,1202.1
201809010248,1201.7,1201.9,1201.7,1201.8,1202.1,1202.3,1202.1,1202.2
201809010249,1201.8,1201.9,1201.8,1201.8,1202.2,1202.3,1202.2,1202.2
201809010250,1201.8,1201.8,1201.8,1201.8,1202.2,1202.2,1202.2,1202.2
201809010251,1201.8,1201.8,1201.6,1201.6,1202.2,1202.2,1202,1202
201809010252,1201.6,1201.6,1201.3,1201.4,1202,1202,1201.7,1201.8
201809010253,1201.4,1201.4,1201.3,1201.3,1201.8,1201.8,1201.7,1201.7
201809010254,1201.3,1201.6,1201.3,1201.5,1201.7,1202,1201.7,1201.9
201809010255,1201.5,1201.6,1201.3,1201.4,1201.9,1202,1201.7,1201.8
201809010256,1201.3,1201.4,1201.3,1201.4,1201.7,1201.8,1201.7,1201.8
201809010257,1201.4,1201.5,1201.4,1201.5,1201.8,1201.9,1201.8,1201.9
201809010258,1201.5,1201.9,1201.5,1201.7,1201.9,1202.3,1201.9,1202.1
201809010259,1201.7,1201.9,1201.7,1201.9,1202.1,1202.3,1202.1,1202.3
201809010300,1202,1202,1201.7,1201.7,1202.4,1202.4,1202.1,1202.1
201809010301,1201.7,1201.8,1201.4,1201.5,1202.1,1202.2,1201.8,1201.9
201809010302,1201.5,1201.6,1201.4,1201.5,1201.9,1202,1201.8,1201.9
201809010303,1201.5,1201.6,1201.4,1201.4,1201.9,1202,1201.8,1201.8
201809010304,1201.4,1201.5,1201.4,1201.4,1201.8,1201.9,1201.8,1201.8
201809010305,1201.4,1201.5,1201.3,1201.3,1201.8,1201.9,1201.7,1201.7
201809010306,1201.3,1202,1201.3,1202,1201.7,1202.4,1201.7,1202.4
201809010307,1202,1202,1201.7,1201.9,1202.4,1202.4,1202.1,1202.3
201809010308,1201.9,1201.9,1201.7,1201.9,1202.3,1202.3,1202.1,1202.3
201809010309,1201.9,1202.3,1201.9,1202.2,1202.3,1202.7,1202.3,1202.6
201809010310,1202.2,1202.2,1202.2,1202.2,1202.6,1202.6,1202.6,1202.6
201809010311,1202.2,1202.2,1202,1202.1,1202.6,1202.6,1202.4,1202.5
201809010312,1202.1,1202.3,1202.1,1202.3,1202.5,1202.7,1202.5,1202.7
201809010313,1202.3,1202.3,1202,1202,1202.7,1202.7,1202.4,1202.4
201809010314,1202,1202.1,1201.9,1201.9,1202.4,1202.5,1202.3,1202.3
201809010315,1201.9,1202,1201.9,1202,1202.3,1202.4,1202.3,1202.4
201809010316,1202,1202.2,1202,1202.2,1202.4,1202.6,1202.4,1202.6
201809010317,1202.2,1202.3,1202.2,1202.2,1202.6,1202.7,1202.6,1202.6
201809010318,1202.2,1202.3,1202.2,1202.3,1202.6,1202.7,1202.6,1202.7
201809010319,1202.3,1202.3,1202.2,1202.3,1202.7,1202.7,1202.6,1202.7
201809010320,1202.3,1202.3,1202.1,1202.1,1202.7,1202.7,1202.5,1202.5
201809010321,1202.1,1202.1,1201.9,1202,1202.5,1202.5,1202.3,1202.4
201809010322,1202,1202.1,1202,1202,1202.4,1202.5,1202.4,1202.4
201809010323,1202,1202,1202,1202,1202.4,1202.4,1202.4,1202.4
201809010324,1202,1202,1201.9,1201.9,1202.4,1202.4,1202.3,1202.3
201809010325,1201.9,1201.9,1201.7,1201.7,1202.3,1202.3,1202.1,1202.1
201809010326,1201.7,1201.8,1201.6,1201.8,1202.1,1202.2,1202,1202.2
201809010327,1201.8,1201.9,1201.6,1201.6,1202.2,1202.3,1202,1202
201809010328,1201.6,1201.8,1201.5,1201.8,1202,1202.2,1201.9,1202.2
201809010329,1201.8,1201.9,1201.7,1201.8,1202.2,1202.3,1202.1,1202.2
201809010330,1201.8,1201.8,1201.7,1201.8,1202.2,1202.2,1202.1,1202.2
201809010331,1201.8,1202,1201.6,1201.8,1202.2,1202.4,1202,1202.2
201809010332,1201.8,1201.8,1201.7,1201.8,1202.2,1202.2,1202.1,1202.2
201809010333,1201.8,1201.8,1201.6,1201.7,1202.2,1202.2,1202,1202.1
201809010334,1201.7,1201.8,1201.5,1201.6,1202.1,1202.2,1201.9,1202
201809010335,1201.6,1201.6,1201.5,1201.5,1202,1202,1201.9,1201.9
201809010336,1201.5,1201.5,1201.3,1201.4,1201.9,1201.9,1201.7,1201.8
201809010337,1201.3,1201.4,1201.2,1201.2,1201.7,1201.8,1201.6,1201.6
201809010338,1201.2,1201.3,1201.1,1201.3,1201.6,1201.7,1201.5,1201.7
201809010339,1201.3,1201.3,1201.2,1201.2,1201.7,1201.7,1201.6,1201.6
201809010340,1201.2,1201.4,1201.2,1201.4,1201.6,1201.8,1201.6,1201.8
201809010341,1201.4,1201.5,1201.4,1201.4,1201.8,1201.9,1201.8,1201.8
201809010342,1201.4,1201.5,1201.4,1201.5,1201.8,1201.9,1201.8,1201.9
201809010343,1201.5,1201.7,1201.5,1201.6,1201.9,1202.1,1201.9,1202
201809010344,1201.6,1201.6,1201.5,1201.5,1202,1202,1201.9,1201.9
201809010345,1201.5,1201.5,1201.5,1201.5,1201.9,1201.9,1201.9,1201.9
201809010346,1201.5,1201.5,1201.1,1201.2,1201.9,1201.9,1201.5,1201.6
201809010347,1201.2,1201.2,1201.1,1201.2,1201.6,1201.6,1201.5,1201.6
201809010348,1201.2,1201.3,1201.2,1201.2,1201.6,1201.7,1201.6,1201.6
201809010349,1201.2,1201.2,1200.9,1200.9,1201.6,1201.6,1201.3,1201.3
201809010350,1200.9,1201.2,1200.8,1200.9,1201.3,1201.6,1201.2,1201.3
201809010351,1200.9,1201.3,1200.9,1201.3,1201.3,1201.7,1201.3,1201.7
201809010352,1201.3,1201.5,1201.2,1201.5,1201.7,1201.9,1201.6,1201.9
201809010353,1201.6,1201.9,1201.6,1201.7,1202,1202.3,1202,1202.1
201809010354,1201.7,1201.9,1201.7,1201.9,1202.1,1202.3,1202.1,1202.3
201809010355,1201.9,1201.9,1201.2,1201.2,1202.3,1202.3,1201.6,1201.6
201809010356,1201.2,1201.3,1199.8,1199.8,1201.6,1201.7,1200.2,1200.2
201809010357,1199.8,1199.9,1199.2,1199.4,1200.2,1200.3,1199.6,1199.8
201809010358,1199.4,1199.5,1199.2,1199.3,1199.8,1199.9,1199.6,1199.7
201809010359,1199.3,1199.5,1198.1,1198.5,1199.7,1199.9,1198.5,1198.9
201809010400,1198.5,1199.2,1198.5,1199.2,1198.9,1199.6,1198.9,1199.6
201809010401,1199.2,1199.6,1199.1,1199.2,1199.6,1200,1199.5,1199.6
201809010402,1199.2,1199.8,1199.2,1199.6,1199.6,1200.2,1199.6,1200
201809010403,1199.6,1199.7,1199.5,1199.7,1200,1200.1,1199.9,1200.1
201809010404,1199.7,1199.7,1199.2,1199.5,1200.1,1200.1,1199.6,1199.9
201809010405,1199.5,1199.5,1199.2,1199.3,1199.9,1199.9,1199.6,1199.7
201809010406,1199.3,1199.9,1199.3,1199.8,1199.7,1200.3,1199.7,1200.2
201809010407,1199.8,1199.9,1199.7,1199.9,1200.2,1200.3,1200.1,1200.3
201809010408,1199.9,1199.9,1199.5,1199.6,1200.3,1200.3,1199.9,1200
201809010409,1199.6,1199.7,1199.5,1199.6,1200,1200.1,1199.9,1200
201809010410,1199.6,1199.6,1199.5,1199.5,1200,1200,1199.9,1199.9
201809010411,1199.5,1199.7,1199.3,1199.6,1199.9,1200.1,1199.7,1200
201809010412,1199.6,1199.9,1199.6,1199.8,1200,1200.3,1200,1200.2
201809010413,1199.8,1199.9,1199.8,1199.9,1200.2,1200.3,1200.2,1200.3
201809010414,1199.9,1199.9,1199.7,1199.8,1200.3,1200.3,1200.1,1200.2
201809010415,1199.8,1200,1199.7,1199.7,1200.2,1200.4,1200.1,1200.1
201809010416,1199.7,1199.7,1199.6,1199.7,1200.1,1200.1,1200,1200.1
201809010417,1199.7,1199.7,1199.5,1199.5,1200.1,1200.1,1199.9,1199.9
201809010418,1199.5,1199.6,1199.4,1199.5,1199.9,1200,1199.8,1199.9
201809010419,1199.5,1199.6,1199.4,1199.4,1199.9,1200,1199.8,1199.8
201809010420,1199.4,1199.4,1198.9,1199,1199.8,1199.8,1199.3,1199.4
201809010421,1199,1199.3,1198.9,1198.9,1199.4,1199.7,1199.3,1199.3
201809010422,1198.9,1198.9,1198.5,1198.6,1199.3,1199.3,1198.9,1199
201809010423,1198.6,1199.1,1198.6,1199,1199,1199.5,1199,1199.4
201809010424,1199,1199.1,1198.7,1198.8,1199.4,1199.5,1199.1,1199.2
201809010425,1198.8,1199.2,1198.8,1199.2,1199.2,1199.6,1199.2,1199.6
201809010426,1199.2,1199.3,1199,1199.2,1199.6,1199.7,1199.4,1199.6
201809010427,1199.2,1199.2,1198.9,1198.9,1199.6,1199.6,1199.3,1199.3
201809010428,1198.9,1199.1,1198.9,1199.1,1199.3,1199.5,1199.3,1199.5
201809010429,1199.1,1199.1,1199,1199,1199.5,1199.5,1199.4,1199.4
201809010430,1199,1199.3,1199,1199.2,1199.4,1199.7,1199.4,1199.6
201809010431,1199.3,1199.3,1199.2,1199.2,1199.7,1199.7,1199.6,1199.6
201809010432,1199.2,1199.2,1199.1,1199.1,1199.6,1199.6,1199.5,1199.5
201809010433,1199.1,1199.5,1199.1,1199.5,1199.5,1199.9,1199.5,1199.9
201809010434,1199.5,1199.6,1199.3,1199.4,1199.9,1200,1199.7,1199.8
201809010435,1199.4,1199.5,1199.2,1199.5,1199.8,1199.9,1199.6,1199.9
201809010436,1199.5,1200.2,1199.5,1199.9,1199.9,1200.6,1199.9,1200.3
201809010437,1199.9,1199.9,1199.6,1199.7,1200.3,1200.3,1200,1200.1
201809010438,1199.7,1199.7,1199.5,1199.6,1200.1,1200.1,1199.9,1200
201809010439,1199.6,1199.6,1199.3,1199.3,1200,1200,1199.7,1199.7
201809010440,1199.3,1199.5,1199,1199.4,1199.7,1199.9,1199.4,1199.8
201809010441,1199.4,1199.7,1199.2,1199.6,1199.8,1200.1,1199.6,1200
201809010442,1199.6,1199.7,1199.5,1199.7,1200,1200.1,1199.9,1200.1
201809010443,1199.7,1199.7,1199.5,1199.6,1200.1,1200.1,1199.9,1200
201809010444,1199.6,1199.8,1199.6,1199.8,1200,1200.2,1200,1200.2
201809010445,1199.8,1199.8,1199.5,1199.7,1200.2,1200.2,1199.9,1200.1
201809010446,1199.7,1199.7,1199.4,1199.4,1200.1,1200.1,1199.8,1199.8
201809010447,1199.4,1199.4,1199.3,1199.4,1199.8,1199.8,1199.7,1199.8
201809010448,1199.4,1199.7,1199.4,1199.7,1199.8,1200.1,1199.8,1200.1
201809010449,1199.8,1199.9,1199.7,1199.9,1200.2,1200.3,1200.1,1200.3
201809010450,1199.8,1199.9,1199.5,1199.5,1200.2,1200.3,1199.9,1199.9
201809010451,1199.5,1199.5,1199.3,1199.3,1199.9,1199.9,1199.7,1199.7
201809010452,1199.3,1199.5,1199.3,1199.5,1199.7,1199.9,1199.7,1199.9
201809010453,1199.5,1199.5,1199.4,1199.5,1199.9,1199.9,1199.8,1199.9
201809010454,1199.5,1199.5,1199.3,1199.3,1199.9,1199.9,1199.7,1199.7
201809010455,1199.3,1199.5,1199.3,1199.3,1199.7,1199.9,1199.7,1199.7
201809010456,1199.3,1199.5,1199.3,1199.5,1199.7,1199.9,1199.7,1199.9
201809010457,1199.5,1199.6,1199.3,1199.3,1199.9,1200,1199.7,1199.7
201809010458,1199.3,1199.4,1199.3,1199.4,1199.7,1199.8,1199.7,1199.8
201809010459,1199.4,1199.4,1199.1,1199.2,1199.8,1199.8,1199.5,1199.6
201809010500,1199.1,1199.4,1199,1199.3,1199.5,1199.8,1199.4,1199.7
201809010501,1199.3,1199.3,1199.1,1199.2,1199.7,1199.7,1199.5,1199.6
201809010502,1199.2,1199.3,1199.1,1199.1,1199.6,1199.7,1199.5,1199.5
201809010503,1199.1,1199.3,1199.1,1199.1,1199.5,1199.7,1199.5,1199.5
201809010504,1199.1,1199.2,1199.1,1199.1,1199.5,1199.6,1199.5,1199.5
201809010505,1199.1,1199.2,1199,1199,1199.5,1199.6,1199.4,1199.4
201809010506,1199,1199.2,1199,1199.1,1199.4,1199.6,1199.4,1199.5
201809010507,1199.1,1199.2,1199,1199.1,1199.5,1199.6,1199.4,1199.5
201809010508,1199.1,1199.2,1199.1,1199.2,1199.5,1199.6,1199.5,1199.6
201809010509,1199.2,1199.2,1199.2,1199.2,1199.6,1199.6,1199.6,1199.6
201809010510,1199.2,1199.2,1199.2,1199.2,1199.6,1199.6,1199.6,1199.6
201809010511,1199.2,1199.2,1199.2,1199.2,1199.6,1199.6,1199.6,1199.6
201809010512,1199.2,1199.3,1199.2,1199.3,1199.6,1199.7,1199.6,1199.7
201809010513,1199.3,1199.3,1199.3,1199.3,1199.7,1199.7,1199.7,1199.7
201809010514,1199.3,1199.3,1199.3,1199.3,1199.7,1199.7,1199.7,1199.7
201809010515,1199.3,1199.4,1199.3,1199.4,1199.7,1199.8,1199.7,1199.8
201809010516,1199.4,1199.4,1199.4,1199.4,1199.8,1199.8,1199.8,1199.8
201809010517,1199.4,1199.4,1199.4,1199.4,1199.8,1199.8,1199.8,1199.8
201809010518,1199.4,1199.5,1199.4,1199.5,1199.8,1199.9,1199.8,1199.9
201809010519,1199.5,1199.7,1199.5,1199.6,1199.9,1200.1,1199.9,1200
201809010520,1199.6,1199.6,1199.6,1199.6,1200,1200,1200,1200
201809010521,1199.6,1199.6,1199.6,1199.6,1200,1200,1200,1200
201809010522,1199.6,1199.6,1199.5,1199.5,1200,1200,1199.9,1199.9
201809010523,1199.5,1199.7,1199.5,1199.5,1199.9,1200.1,1199.9,1199.9
201809010524,1199.5,1199.6,1199.5,1199.5,1199.9,1200,1199.9,1199.9
201809010525,1199.5,1199.7,1199.5,1199.7,1199.9,1200.1,1199.9,1200.1
201809010526,1199.7,1199.9,1199.7,1199.9,1200.1,1200.3,1200.1,1200.3
201809010527,1199.9,1200,1199.8,1200,1200.3,1200.4,1200.2,1200.4
201809010528,1200,1200,1199.9,1200,1200.4,1200.4,1200.3,1200.4
201809010529,1199.9,1200.2,1199.9,1200.1,1200.3,1200.6,1200.3,1200.5
201809010530,1200.1,1200.1,1199.8,1200,1200.5,1200.5,1200.2,1200.4
201809010531,1200,1200.1,1200,1200,1200.4,1200.5,1200.4,1200.4
201809010532,1200,1200,1200,1200,1200.4,1200.4,1200.4,1200.4
201809010533,1200,1200.1,1200,1200.1,1200.4,1200.5,1200.4,1200.5
201809010534,1200.1,1200.1,1200,1200,1200.5,1200.5,1200.4,1200.4
201809010535,1200,1200.2,1200,1200.2,1200.4,1200.6,1200.4,1200.6
201809010536,1200.2,1200.2,1200.2,1200.2,1200.6,1200.6,1200.6,1200.6
201809010537,1200.3,1200.3,1200.2,1200.2,1200.7,1200.7,1200.6,1200.6
201809010538,1200.2,1200.3,1200.2,1200.3,1200.6,1200.7,1200.6,1200.7
201809010539,1200.3,1200.4,1200.2,1200.3,1200.7,1200.8,1200.6,1200.7
201809010540,1200.3,1200.4,1200.3,1200.3,1200.7,1200.8,1200.7,1200.7
201809010541,1200.3,1200.5,1200.3,1200.5,1200.7,1200.9,1200.7,1200.9
201809010542,1200.5,1200.7,1200.5,1200.6,1200.9,1201.1,1200.9,1201
201809010543,1200.6,1200.8,1200.5,1200.7,1201,1201.2,1200.9,1201.1
201809010544,1200.7,1200.8,1200.7,1200.8,1201.1,1201.2,1201.1,1201.2
201809010545,1200.8,1200.8,1200.6,1200.8,1201.2,1201.2,1201,1201.2
201809010546,1200.8,1200.8,1200.8,1200.8,1201.2,1201.2,1201.2,1201.2
201809010547,1200.8,1200.9,1200.8,1200.9,1201.2,1201.3,1201.2,1201.3
201809010548,1200.9,1200.9,1200.8,1200.8,1201.3,1201.3,1201.2,1201.2
201809010549,1200.8,1200.9,1200.8,1200.9,1201.2,1201.3,1201.2,1201.3
201809010550,1200.9,1200.9,1200.8,1200.8,1201.3,1201.3,1201.2,1201.2
201809010551,1200.8,1200.9,1200.8,1200.8,1201.2,1201.3,1201.2,1201.2
201809010552,1200.8,1200.9,1200.8,1200.9,1201.2,1201.3,1201.2,1201.3
201809010553,1200.9,1200.9,1200.8,1200.8,1201.3,1201.3,1201.2,1201.2
201809010554,1200.8,1200.9,1200.6,1200.7,1201.2,1201.3,1201.1,1201.2
201809010555,1200.7,1200.8,1200.6,1200.6,1201.2,1201.3,1201.1,1201.1
201809010556,1200.8,1200.8,1200.7,1200.8,1201.3,1201.3,1201.2,1201.3
201809010557,1200.8,1200.8,1200.7,1200.8,1201.3,1201.3,1201.2,1201.3
201809010558,1200.8,1200.8,1200.6,1200.8,1201.3,1201.4,1201.2,1201.4
201809010559,1200.8,1200.8,1200.6,1200.6,1201.4,1201.6,1201.4,1201.6
