日時,始値(BID),高値(BID),安値(BID),終値(BID),始値(ASK),高値(ASK),安値(ASK),終値(ASK)
201804200700,1345.5,1346.3,1345.4,1345.6,1346.5,1346.7,1345.8,1346
201804200701,1345.6,1345.6,1344.9,1345.1,1346,1346,1345.3,1345.5
201804200702,1345.1,1345.3,1345.1,1345.3,1345.5,1345.7,1345.5,1345.7
201804200703,1345.2,1345.5,1345.2,1345.5,1345.6,1345.9,1345.6,1345.9
201804200704,1345.5,1345.6,1345.5,1345.6,1345.9,1346,1345.9,1346
201804200705,1345.6,1345.7,1345.5,1345.6,1346,1346.1,1345.9,1346
201804200706,1345.6,1345.8,1345.6,1345.8,1346,1346.2,1346,1346.2
201804200707,1345.8,1345.8,1345.6,1345.6,1346.2,1346.2,1346,1346
201804200708,1345.6,1345.7,1345.6,1345.6,1346,1346.1,1346,1346
201804200709,1345.6,1345.7,1345.6,1345.6,1346,1346.1,1346,1346
201804200710,1345.6,1345.6,1345.3,1345.3,1346,1346,1345.7,1345.7
201804200711,1345.3,1345.4,1345,1345,1345.7,1345.8,1345.4,1345.4
201804200712,1345,1345.1,1344.9,1345.1,1345.4,1345.5,1345.3,1345.5
201804200713,1345.1,1345.3,1345.1,1345.2,1345.5,1345.7,1345.5,1345.6
201804200714,1345.2,1345.3,1345.2,1345.2,1345.6,1345.7,1345.6,1345.6
201804200715,1345.2,1345.3,1345,1345,1345.6,1345.7,1345.4,1345.4
201804200716,1345,1345,1344.9,1345,1345.4,1345.4,1345.3,1345.4
201804200717,1345.1,1345.1,1345,1345,1345.5,1345.5,1345.4,1345.4
201804200718,1345,1345.1,1345,1345,1345.4,1345.5,1345.4,1345.4
201804200719,1345,1345,1345,1345,1345.4,1345.4,1345.4,1345.4
201804200720,1345,1345,1344.9,1345,1345.4,1345.4,1345.3,1345.4
201804200721,1345.1,1345.1,1345.1,1345.1,1345.5,1345.5,1345.5,1345.5
201804200722,1345.1,1345.1,1345,1345.1,1345.5,1345.5,1345.4,1345.5
201804200723,1345.1,1345.1,1345,1345,1345.5,1345.5,1345.4,1345.4
201804200724,1345,1345,1345,1345,1345.4,1345.4,1345.4,1345.4
201804200725,1345,1345,1344.8,1344.9,1345.4,1345.4,1345.2,1345.3
201804200726,1344.9,1344.9,1344.8,1344.8,1345.3,1345.3,1345.2,1345.2
201804200727,1344.8,1344.9,1344.8,1344.9,1345.2,1345.3,1345.2,1345.3
201804200728,1344.9,1345,1344.9,1345,1345.3,1345.4,1345.3,1345.4
201804200729,1345,1345.1,1345,1345.1,1345.4,1345.5,1345.4,1345.5
201804200730,1345.1,1345.1,1345,1345,1345.5,1345.5,1345.4,1345.4
201804200731,1345,1345.2,1345,1345.2,1345.4,1345.6,1345.4,1345.6
201804200732,1345.2,1345.2,1345.1,1345.2,1345.6,1345.6,1345.5,1345.6
201804200733,1345.2,1345.2,1345,1345,1345.6,1345.6,1345.4,1345.4
201804200734,1345,1345.1,1345,1345.1,1345.4,1345.5,1345.4,1345.5
201804200735,1345.1,1345.1,1345,1345,1345.5,1345.5,1345.4,1345.4
201804200736,1345,1345.2,1345,1345.2,1345.4,1345.6,1345.4,1345.6
201804200737,1345.2,1345.3,1345.2,1345.3,1345.6,1345.7,1345.6,1345.7
201804200738,1345.3,1345.3,1345.3,1345.3,1345.7,1345.7,1345.7,1345.7
201804200739,1345.3,1345.5,1345.3,1345.5,1345.7,1345.9,1345.7,1345.9
201804200740,1345.5,1345.5,1345.3,1345.4,1345.9,1345.9,1345.7,1345.8
201804200741,1345.4,1345.5,1345.3,1345.4,1345.8,1345.9,1345.7,1345.8
201804200742,1345.4,1345.5,1345.3,1345.4,1345.8,1345.9,1345.7,1345.8
201804200743,1345.4,1345.8,1345.3,1345.8,1345.8,1346.2,1345.7,1346.2
201804200744,1345.8,1345.9,1345.5,1345.8,1346.2,1346.3,1345.9,1346.2
201804200745,1345.8,1345.9,1345.8,1345.9,1346.2,1346.3,1346.2,1346.3
201804200746,1345.9,1345.9,1345.5,1345.6,1346.3,1346.3,1345.9,1346
201804200747,1345.6,1345.6,1345.4,1345.6,1346,1346,1345.8,1346
201804200748,1345.6,1345.6,1345.4,1345.6,1346,1346,1345.8,1346
201804200749,1345.6,1345.6,1345.6,1345.6,1346,1346,1346,1346
201804200750,1345.6,1345.6,1345.6,1345.6,1346,1346,1346,1346
201804200751,1345.6,1345.6,1345.6,1345.6,1346,1346,1346,1346
201804200752,1345.6,1345.7,1345.6,1345.6,1346,1346.1,1346,1346
201804200753,1345.6,1345.6,1345.6,1345.6,1346,1346,1346,1346
201804200754,1345.6,1345.6,1345.6,1345.6,1346,1346,1346,1346
201804200755,1345.6,1345.6,1345.5,1345.6,1346,1346,1345.9,1346
201804200756,1345.6,1345.6,1345.5,1345.6,1346,1346,1345.9,1346
201804200757,1345.6,1345.6,1345.5,1345.6,1346,1346,1345.9,1346
201804200758,1345.6,1345.6,1345.6,1345.6,1346,1346,1346,1346
201804200759,1345.6,1345.6,1345.5,1345.5,1346,1346,1345.9,1345.9
201804200800,1345.5,1345.8,1345.5,1345.7,1345.9,1346.2,1345.9,1346.1
201804200801,1345.7,1345.8,1345.7,1345.8,1346.1,1346.2,1346.1,1346.2
201804200802,1345.8,1345.8,1345.7,1345.7,1346.2,1346.2,1346.1,1346.1
201804200803,1345.7,1345.8,1345.7,1345.8,1346.1,1346.2,1346.1,1346.2
201804200804,1345.8,1345.8,1345.8,1345.8,1346.2,1346.2,1346.2,1346.2
201804200805,1345.8,1345.9,1345.8,1345.9,1346.2,1346.3,1346.2,1346.3
201804200806,1345.9,1345.9,1345.8,1345.9,1346.3,1346.3,1346.2,1346.3
201804200807,1345.9,1346.1,1345.9,1345.9,1346.3,1346.5,1346.3,1346.3
201804200808,1345.9,1346,1345.9,1346,1346.3,1346.4,1346.3,1346.4
201804200809,1346,1346,1346,1346,1346.4,1346.4,1346.4,1346.4
201804200810,1346,1346,1346,1346,1346.4,1346.4,1346.4,1346.4
201804200811,1346,1346,1346,1346,1346.4,1346.4,1346.4,1346.4
201804200812,1346,1346,1346,1346,1346.4,1346.4,1346.4,1346.4
201804200813,1346,1346,1345.8,1345.8,1346.4,1346.4,1346.2,1346.2
201804200814,1345.8,1346,1345.8,1345.9,1346.2,1346.4,1346.2,1346.3
201804200815,1345.9,1345.9,1345.7,1345.7,1346.3,1346.3,1346.1,1346.1
201804200816,1345.7,1345.8,1345.7,1345.7,1346.1,1346.2,1346.1,1346.1
201804200817,1345.7,1345.8,1345.7,1345.8,1346.1,1346.2,1346.1,1346.2
201804200818,1345.8,1345.8,1345.7,1345.7,1346.2,1346.2,1346.1,1346.1
201804200819,1345.7,1345.7,1345.7,1345.7,1346.1,1346.1,1346.1,1346.1
201804200820,1345.7,1345.7,1345.5,1345.5,1346.1,1346.1,1345.9,1345.9
201804200821,1345.5,1345.6,1345.5,1345.5,1345.9,1346,1345.9,1345.9
201804200822,1345.5,1345.5,1345.3,1345.3,1345.9,1345.9,1345.7,1345.7
201804200823,1345.3,1345.3,1345.3,1345.3,1345.7,1345.7,1345.7,1345.7
201804200824,1345.3,1345.5,1345.3,1345.5,1345.7,1345.9,1345.7,1345.9
201804200825,1345.5,1345.5,1345.2,1345.3,1345.9,1345.9,1345.6,1345.7
201804200826,1345.3,1345.6,1345.2,1345.5,1345.7,1346,1345.6,1345.9
201804200827,1345.5,1345.5,1345.4,1345.4,1345.9,1345.9,1345.8,1345.8
201804200828,1345.4,1345.4,1345.3,1345.4,1345.8,1345.8,1345.7,1345.8
201804200829,1345.4,1345.4,1345.2,1345.3,1345.8,1345.8,1345.6,1345.7
201804200830,1345.4,1345.6,1345.2,1345.2,1345.8,1346,1345.6,1345.6
201804200831,1345.2,1345.3,1345.2,1345.2,1345.6,1345.7,1345.6,1345.6
201804200832,1345.2,1345.3,1345.2,1345.3,1345.6,1345.7,1345.6,1345.7
201804200833,1345.3,1345.3,1345.2,1345.2,1345.7,1345.7,1345.6,1345.6
201804200834,1345.2,1345.2,1344.8,1344.9,1345.6,1345.6,1345.2,1345.3
201804200835,1344.9,1344.9,1344.9,1344.9,1345.3,1345.3,1345.3,1345.3
201804200836,1344.9,1344.9,1344.7,1344.9,1345.3,1345.3,1345.1,1345.3
201804200837,1344.9,1344.9,1344.9,1344.9,1345.3,1345.3,1345.3,1345.3
201804200838,1344.9,1345,1344.9,1345,1345.3,1345.4,1345.3,1345.4
201804200839,1345,1345,1344.8,1344.8,1345.4,1345.4,1345.2,1345.2
201804200840,1344.8,1344.8,1344.6,1344.6,1345.2,1345.2,1345,1345
201804200841,1344.6,1344.6,1344.4,1344.5,1345,1345,1344.8,1344.9
201804200842,1344.5,1344.5,1344.4,1344.5,1344.9,1344.9,1344.8,1344.9
201804200843,1344.5,1344.7,1344.5,1344.6,1344.9,1345.1,1344.9,1345
201804200844,1344.6,1344.6,1344.5,1344.6,1345,1345,1344.9,1345
201804200845,1344.6,1344.6,1344.5,1344.5,1345,1345,1344.9,1344.9
201804200846,1344.5,1344.5,1344.5,1344.5,1344.9,1344.9,1344.9,1344.9
201804200847,1344.5,1344.5,1344.3,1344.4,1344.9,1344.9,1344.7,1344.8
201804200848,1344.4,1344.6,1344.4,1344.6,1344.8,1345,1344.8,1345
201804200849,1344.6,1344.7,1344.6,1344.6,1345,1345.1,1345,1345
201804200850,1344.6,1344.6,1344.4,1344.4,1345,1345,1344.8,1344.8
201804200851,1344.5,1344.6,1344.5,1344.6,1344.9,1345,1344.9,1345
201804200852,1344.6,1344.6,1344.5,1344.5,1345,1345,1344.9,1344.9
201804200853,1344.5,1344.7,1344.5,1344.6,1344.9,1345.1,1344.9,1345
201804200854,1344.6,1344.6,1344.6,1344.6,1345,1345,1345,1345
201804200855,1344.6,1344.8,1344.6,1344.7,1345,1345.2,1345,1345.1
201804200856,1344.7,1344.8,1344.7,1344.8,1345.1,1345.2,1345.1,1345.2
201804200857,1344.8,1344.9,1344.8,1344.9,1345.2,1345.3,1345.2,1345.3
201804200858,1344.9,1344.9,1344.7,1344.8,1345.3,1345.3,1345.1,1345.2
201804200859,1344.8,1344.8,1344.3,1344.3,1345.2,1345.2,1344.7,1344.7
201804200900,1344.3,1344.4,1343.8,1344,1344.7,1344.8,1344.2,1344.4
201804200901,1344,1344.2,1344,1344.1,1344.4,1344.6,1344.4,1344.5
201804200902,1344.1,1344.1,1343.8,1344,1344.5,1344.5,1344.2,1344.4
201804200903,1344,1344.2,1343.9,1343.9,1344.4,1344.6,1344.3,1344.3
201804200904,1343.9,1344.1,1343.9,1344,1344.3,1344.5,1344.3,1344.4
201804200905,1344,1344.1,1344,1344,1344.4,1344.5,1344.4,1344.4
201804200906,1344,1344,1343.8,1343.8,1344.4,1344.4,1344.2,1344.2
201804200907,1343.8,1344,1343.8,1343.9,1344.2,1344.4,1344.2,1344.3
201804200908,1343.9,1343.9,1343.6,1343.8,1344.3,1344.3,1344,1344.2
201804200909,1343.9,1343.9,1343.7,1343.7,1344.3,1344.3,1344.1,1344.1
201804200910,1343.7,1343.7,1343.4,1343.6,1344.1,1344.1,1343.8,1344
201804200911,1343.6,1343.7,1343.6,1343.7,1344,1344.1,1344,1344.1
201804200912,1343.7,1343.9,1343.6,1343.9,1344.1,1344.3,1344,1344.3
201804200913,1343.9,1344,1343.9,1343.9,1344.3,1344.4,1344.3,1344.3
201804200914,1343.9,1344,1343.8,1343.9,1344.3,1344.4,1344.2,1344.3
201804200915,1343.9,1344.1,1343.8,1344,1344.3,1344.5,1344.2,1344.4
201804200916,1344,1344,1344,1344,1344.4,1344.4,1344.4,1344.4
201804200917,1344,1344.1,1343.8,1343.8,1344.4,1344.5,1344.2,1344.2
201804200918,1343.8,1343.9,1343.6,1343.6,1344.2,1344.3,1344,1344
201804200919,1343.6,1343.6,1343.4,1343.5,1344,1344,1343.8,1343.9
201804200920,1343.5,1343.5,1343.3,1343.5,1343.9,1343.9,1343.7,1343.9
201804200921,1343.5,1343.6,1343.5,1343.6,1343.9,1344,1343.9,1344
201804200922,1343.6,1343.8,1343.6,1343.7,1344,1344.2,1344,1344.1
201804200923,1343.7,1343.8,1343.6,1343.6,1344.1,1344.2,1344,1344
201804200924,1343.6,1343.7,1343.5,1343.6,1344,1344.1,1343.9,1344
201804200925,1343.6,1343.7,1343.6,1343.6,1344,1344.1,1344,1344
201804200926,1343.6,1343.8,1343.6,1343.8,1344,1344.2,1344,1344.2
201804200927,1343.8,1343.8,1343.7,1343.7,1344.2,1344.2,1344.1,1344.1
201804200928,1343.7,1344,1343.6,1343.9,1344.1,1344.4,1344,1344.3
201804200929,1344,1344.2,1344,1344.2,1344.4,1344.6,1344.4,1344.6
201804200930,1344.2,1344.3,1344.2,1344.3,1344.6,1344.7,1344.6,1344.7
201804200931,1344.3,1344.3,1344.1,1344.2,1344.7,1344.7,1344.5,1344.6
201804200932,1344.2,1344.3,1344.2,1344.2,1344.6,1344.7,1344.6,1344.6
201804200933,1344.2,1344.2,1343.8,1343.9,1344.6,1344.6,1344.2,1344.3
201804200934,1343.9,1343.9,1343.7,1343.7,1344.3,1344.3,1344.1,1344.1
201804200935,1343.7,1343.8,1343.6,1343.7,1344.1,1344.2,1344,1344.1
201804200936,1343.7,1343.7,1343.4,1343.5,1344.1,1344.1,1343.8,1343.9
201804200937,1343.5,1343.8,1343.4,1343.8,1343.9,1344.2,1343.8,1344.2
201804200938,1343.8,1343.8,1343.7,1343.8,1344.2,1344.2,1344.1,1344.2
201804200939,1343.8,1343.8,1343.7,1343.7,1344.2,1344.2,1344.1,1344.1
201804200940,1343.7,1343.8,1343.7,1343.8,1344.1,1344.2,1344.1,1344.2
201804200941,1343.8,1343.9,1343.7,1343.8,1344.2,1344.3,1344.1,1344.2
201804200942,1343.8,1344.2,1343.8,1344.2,1344.2,1344.6,1344.2,1344.6
201804200943,1344.2,1344.2,1344.1,1344.1,1344.6,1344.6,1344.5,1344.5
201804200944,1344.1,1344.3,1344,1344.1,1344.5,1344.7,1344.4,1344.5
201804200945,1344.1,1344.1,1343.9,1344,1344.5,1344.5,1344.3,1344.4
201804200946,1344,1344,1344,1344,1344.4,1344.4,1344.4,1344.4
201804200947,1344,1344,1343.9,1343.9,1344.4,1344.4,1344.3,1344.3
201804200948,1343.9,1344.3,1343.9,1344.3,1344.3,1344.7,1344.3,1344.7
201804200949,1344.3,1344.4,1344.2,1344.3,1344.7,1344.8,1344.6,1344.7
201804200950,1344.3,1344.3,1343.9,1343.9,1344.7,1344.7,1344.3,1344.3
201804200951,1343.9,1344.1,1343.9,1344.1,1344.3,1344.5,1344.3,1344.5
201804200952,1344.1,1344.3,1344.1,1344.3,1344.5,1344.7,1344.5,1344.7
201804200953,1344.3,1344.3,1344.1,1344.3,1344.7,1344.7,1344.5,1344.7
201804200954,1344.3,1344.7,1344.2,1344.7,1344.7,1345.1,1344.6,1345.1
201804200955,1344.7,1345,1344.7,1344.9,1345.1,1345.4,1345.1,1345.3
201804200956,1344.8,1344.9,1344.8,1344.8,1345.2,1345.3,1345.2,1345.2
201804200957,1344.8,1344.8,1344.7,1344.8,1345.2,1345.2,1345.1,1345.2
201804200958,1344.8,1344.9,1344.7,1344.9,1345.2,1345.3,1345.1,1345.3
201804200959,1344.9,1344.9,1344.7,1344.7,1345.3,1345.3,1345.1,1345.1
201804201000,1344.7,1345,1344.7,1345,1345.1,1345.4,1345.1,1345.4
201804201001,1345,1345.5,1345,1345.4,1345.4,1345.9,1345.4,1345.8
201804201002,1345.4,1345.4,1345.3,1345.3,1345.8,1345.8,1345.7,1345.7
201804201003,1345.4,1345.4,1345.3,1345.4,1345.8,1345.8,1345.7,1345.8
201804201004,1345.3,1345.5,1345.3,1345.3,1345.7,1345.9,1345.7,1345.7
201804201005,1345.3,1345.3,1345.2,1345.2,1345.7,1345.7,1345.6,1345.6
201804201006,1345.2,1345.2,1345.1,1345.1,1345.6,1345.6,1345.5,1345.5
201804201007,1345.2,1345.3,1345,1345,1345.6,1345.7,1345.4,1345.4
201804201008,1345,1345.2,1345,1345.2,1345.4,1345.6,1345.4,1345.6
201804201009,1345.2,1345.4,1345.2,1345.3,1345.6,1345.8,1345.6,1345.7
201804201010,1345.3,1345.6,1345.3,1345.5,1345.7,1346,1345.7,1345.9
201804201011,1345.5,1345.5,1345,1345.1,1345.9,1345.9,1345.4,1345.5
201804201012,1345.1,1345.1,1344.9,1345,1345.5,1345.5,1345.3,1345.4
201804201013,1345,1345,1344.9,1345,1345.4,1345.4,1345.3,1345.4
201804201014,1345,1345,1344.8,1344.9,1345.4,1345.4,1345.2,1345.3
201804201015,1344.9,1344.9,1344.5,1344.5,1345.3,1345.3,1344.9,1344.9
201804201016,1344.5,1344.6,1344.5,1344.6,1344.9,1345,1344.9,1345
201804201017,1344.6,1344.8,1344.6,1344.7,1345,1345.2,1345,1345.1
201804201018,1344.7,1344.7,1344.6,1344.7,1345.1,1345.1,1345,1345.1
201804201019,1344.8,1344.8,1344.6,1344.7,1345.2,1345.2,1345,1345.1
201804201020,1344.7,1344.8,1344.6,1344.7,1345.1,1345.2,1345,1345.1
201804201021,1344.7,1344.8,1344.6,1344.7,1345.1,1345.2,1345,1345.1
201804201022,1344.7,1344.8,1344.4,1344.5,1345.1,1345.2,1344.8,1344.9
201804201023,1344.5,1344.5,1344,1344.1,1344.9,1344.9,1344.4,1344.5
201804201024,1344.1,1344.1,1343.8,1343.8,1344.5,1344.5,1344.2,1344.2
201804201025,1343.8,1343.8,1343.6,1343.6,1344.2,1344.2,1344,1344
201804201026,1343.6,1343.7,1343.4,1343.7,1344,1344.1,1343.8,1344.1
201804201027,1343.7,1343.7,1343.1,1343.2,1344.1,1344.1,1343.5,1343.6
201804201028,1343.2,1343.3,1343,1343,1343.6,1343.7,1343.4,1343.4
201804201029,1343,1343,1342.1,1342.1,1343.4,1343.4,1342.5,1342.5
201804201030,1342.1,1342.3,1341.9,1342,1342.5,1342.7,1342.3,1342.4
201804201031,1342,1342.1,1341.7,1342.1,1342.4,1342.5,1342.1,1342.5
201804201032,1342.1,1342.3,1342,1342.3,1342.5,1342.7,1342.4,1342.7
201804201033,1342.2,1342.4,1342.2,1342.3,1342.6,1342.8,1342.6,1342.7
201804201034,1342.3,1342.4,1342.3,1342.3,1342.7,1342.8,1342.7,1342.7
201804201035,1342.3,1342.4,1342.2,1342.2,1342.7,1342.8,1342.6,1342.6
201804201036,1342.2,1342.3,1341.6,1341.7,1342.6,1342.7,1342,1342.1
201804201037,1341.7,1342,1341.7,1341.9,1342.1,1342.4,1342.1,1342.3
201804201038,1341.9,1342.1,1341.8,1342.1,1342.3,1342.5,1342.2,1342.5
201804201039,1342.1,1342.2,1341.9,1341.9,1342.5,1342.6,1342.3,1342.3
201804201040,1341.9,1342,1341.8,1342,1342.3,1342.4,1342.2,1342.4
201804201041,1341.9,1342.1,1341.9,1342,1342.3,1342.5,1342.3,1342.4
201804201042,1342,1342.1,1342,1342.1,1342.4,1342.5,1342.4,1342.5
201804201043,1342.1,1342.1,1341.8,1341.8,1342.5,1342.5,1342.2,1342.2
201804201044,1341.8,1342,1341.7,1342,1342.2,1342.4,1342.1,1342.4
201804201045,1342,1342.1,1342,1342,1342.4,1342.5,1342.4,1342.4
201804201046,1342,1342.3,1341.9,1342,1342.4,1342.7,1342.3,1342.4
201804201047,1342,1342.1,1341.8,1341.8,1342.4,1342.5,1342.2,1342.2
201804201048,1341.8,1341.9,1341.5,1341.6,1342.2,1342.3,1341.9,1342
201804201049,1341.7,1342.3,1341.7,1342.3,1342.1,1342.7,1342.1,1342.7
201804201050,1342.3,1342.3,1341.9,1342.2,1342.7,1342.7,1342.3,1342.6
201804201051,1342.1,1342.5,1342.1,1342.5,1342.5,1342.9,1342.5,1342.9
201804201052,1342.5,1342.7,1342.4,1342.6,1342.9,1343.1,1342.8,1343
201804201053,1342.6,1342.8,1342.6,1342.8,1343,1343.2,1343,1343.2
201804201054,1342.8,1342.8,1342.6,1342.6,1343.2,1343.2,1343,1343
201804201055,1342.6,1342.8,1342.6,1342.6,1343,1343.2,1343,1343
201804201056,1342.6,1342.8,1342.6,1342.7,1343,1343.2,1343,1343.1
201804201057,1342.7,1342.9,1342.6,1342.9,1343.1,1343.3,1343,1343.3
201804201058,1342.9,1342.9,1342.7,1342.7,1343.3,1343.3,1343.1,1343.1
201804201059,1342.7,1342.7,1342.3,1342.4,1343.1,1343.1,1342.7,1342.8
201804201100,1342.4,1342.5,1342.3,1342.4,1342.8,1342.9,1342.7,1342.8
201804201101,1342.4,1342.4,1342.2,1342.3,1342.8,1342.8,1342.6,1342.7
201804201102,1342.3,1342.6,1342.3,1342.5,1342.7,1343,1342.7,1342.9
201804201103,1342.5,1342.5,1342.4,1342.5,1342.9,1342.9,1342.8,1342.9
201804201104,1342.5,1342.7,1342.4,1342.6,1342.9,1343.1,1342.8,1343
201804201105,1342.6,1342.9,1342.6,1342.9,1343,1343.3,1343,1343.3
201804201106,1342.9,1343,1342.8,1342.9,1343.3,1343.4,1343.2,1343.3
201804201107,1342.9,1343,1342.9,1342.9,1343.3,1343.4,1343.3,1343.3
201804201108,1342.9,1342.9,1342.7,1342.8,1343.3,1343.3,1343.1,1343.2
201804201109,1342.8,1342.9,1342.8,1342.8,1343.2,1343.3,1343.2,1343.2
201804201110,1342.8,1342.9,1342.8,1342.9,1343.2,1343.3,1343.2,1343.3
201804201111,1342.9,1343.2,1342.9,1343.1,1343.3,1343.6,1343.3,1343.5
201804201112,1343.1,1343.2,1343,1343.2,1343.5,1343.6,1343.4,1343.6
201804201113,1343.2,1343.2,1343.1,1343.2,1343.6,1343.6,1343.5,1343.6
201804201114,1343.2,1343.3,1343.2,1343.2,1343.6,1343.7,1343.6,1343.6
201804201115,1343.2,1343.3,1343.1,1343.1,1343.6,1343.7,1343.5,1343.5
201804201116,1343.1,1343.2,1343.1,1343.1,1343.5,1343.6,1343.5,1343.5
201804201117,1343.1,1343.1,1342.9,1343.1,1343.5,1343.5,1343.3,1343.5
201804201118,1343.1,1343.1,1342.9,1342.9,1343.5,1343.5,1343.3,1343.3
201804201119,1342.9,1343,1342.9,1343,1343.3,1343.4,1343.3,1343.4
201804201120,1343,1343.1,1342.9,1342.9,1343.4,1343.5,1343.3,1343.3
201804201121,1342.9,1343,1342.8,1342.8,1343.3,1343.4,1343.2,1343.2
201804201122,1342.8,1342.9,1342.8,1342.9,1343.2,1343.3,1343.2,1343.3
201804201123,1342.9,1342.9,1342.8,1342.8,1343.3,1343.3,1343.2,1343.2
201804201124,1342.8,1343,1342.8,1343,1343.2,1343.4,1343.2,1343.4
201804201125,1343,1343.2,1342.9,1343.1,1343.4,1343.6,1343.3,1343.5
201804201126,1343.1,1343.3,1343.1,1343.3,1343.5,1343.7,1343.5,1343.7
201804201127,1343.3,1343.3,1343.2,1343.2,1343.7,1343.7,1343.6,1343.6
201804201128,1343.2,1343.2,1343,1343.1,1343.6,1343.6,1343.4,1343.5
201804201129,1343.1,1343.1,1343,1343.1,1343.5,1343.5,1343.4,1343.5
201804201130,1343.1,1343.2,1343.1,1343.1,1343.5,1343.6,1343.5,1343.5
201804201131,1343.1,1343.1,1343,1343,1343.5,1343.5,1343.4,1343.4
201804201132,1343,1343,1342.9,1343,1343.4,1343.4,1343.3,1343.4
201804201133,1342.9,1342.9,1342.6,1342.7,1343.3,1343.3,1343,1343.1
201804201134,1342.7,1342.8,1342.5,1342.7,1343.1,1343.2,1342.9,1343.1
201804201135,1342.7,1342.7,1342.6,1342.6,1343.1,1343.1,1343,1343
201804201136,1342.6,1342.7,1342.6,1342.7,1343,1343.1,1343,1343.1
201804201137,1342.7,1342.7,1342.7,1342.7,1343.1,1343.1,1343.1,1343.1
201804201138,1342.7,1342.7,1342.5,1342.6,1343.1,1343.1,1342.9,1343
201804201139,1342.6,1342.6,1342.3,1342.3,1343,1343,1342.7,1342.7
201804201140,1342.4,1342.4,1342.3,1342.3,1342.8,1342.8,1342.7,1342.7
201804201141,1342.3,1342.5,1342.3,1342.4,1342.7,1342.9,1342.7,1342.8
201804201142,1342.4,1342.5,1342.4,1342.4,1342.8,1342.9,1342.8,1342.8
201804201143,1342.4,1342.4,1342.2,1342.2,1342.8,1342.8,1342.6,1342.6
201804201144,1342.2,1342.2,1342,1342,1342.6,1342.6,1342.4,1342.4
201804201145,1342,1342.1,1341.8,1341.8,1342.4,1342.5,1342.2,1342.2
201804201146,1341.8,1342.1,1341.8,1342.1,1342.2,1342.5,1342.2,1342.5
201804201147,1342.1,1342.2,1342,1342.1,1342.5,1342.6,1342.4,1342.5
201804201148,1342.1,1342.3,1342.1,1342.3,1342.5,1342.7,1342.5,1342.7
201804201149,1342.3,1342.4,1342.2,1342.4,1342.7,1342.8,1342.6,1342.8
201804201150,1342.4,1342.4,1342.3,1342.3,1342.8,1342.8,1342.7,1342.7
201804201151,1342.3,1342.3,1342.2,1342.2,1342.7,1342.7,1342.6,1342.6
201804201152,1342.2,1342.2,1342.1,1342.2,1342.6,1342.6,1342.5,1342.6
201804201153,1342.2,1342.2,1342.1,1342.2,1342.6,1342.6,1342.5,1342.6
201804201154,1342.2,1342.3,1342.2,1342.2,1342.6,1342.7,1342.6,1342.6
201804201155,1342.2,1342.3,1342.2,1342.2,1342.6,1342.7,1342.6,1342.6
201804201156,1342.2,1342.2,1342.2,1342.2,1342.6,1342.6,1342.6,1342.6
201804201157,1342.2,1342.2,1342.1,1342.1,1342.6,1342.6,1342.5,1342.5
201804201158,1342.1,1342.2,1342.1,1342.1,1342.5,1342.6,1342.5,1342.5
201804201159,1342,1342,1341.9,1341.9,1342.4,1342.4,1342.3,1342.3
201804201200,1341.9,1342,1341.9,1341.9,1342.3,1342.4,1342.3,1342.3
201804201201,1341.9,1342,1341.9,1341.9,1342.3,1342.4,1342.3,1342.3
201804201202,1341.9,1342,1341.9,1341.9,1342.3,1342.4,1342.3,1342.3
201804201203,1341.9,1342.1,1341.9,1341.9,1342.3,1342.5,1342.3,1342.3
201804201204,1341.9,1342,1341.9,1341.9,1342.3,1342.4,1342.3,1342.3
201804201205,1341.9,1342.1,1341.8,1342.1,1342.3,1342.5,1342.2,1342.5
201804201206,1342.1,1342.4,1342.1,1342.4,1342.5,1342.8,1342.5,1342.8
201804201207,1342.4,1342.5,1342.4,1342.4,1342.8,1342.9,1342.8,1342.8
201804201208,1342.4,1342.4,1342.3,1342.3,1342.8,1342.8,1342.7,1342.7
201804201209,1342.4,1342.4,1342.3,1342.3,1342.8,1342.8,1342.7,1342.7
201804201210,1342.3,1342.3,1342.2,1342.3,1342.7,1342.7,1342.6,1342.7
201804201211,1342.3,1342.3,1342,1342.1,1342.7,1342.7,1342.4,1342.5
201804201212,1342.1,1342.2,1342.1,1342.2,1342.5,1342.6,1342.5,1342.6
201804201213,1342.2,1342.3,1342.1,1342.1,1342.6,1342.7,1342.5,1342.5
201804201214,1342.1,1342.3,1342.1,1342.2,1342.5,1342.7,1342.5,1342.6
201804201215,1342.2,1342.2,1342.1,1342.2,1342.6,1342.6,1342.5,1342.6
201804201216,1342.2,1342.4,1342.2,1342.4,1342.6,1342.8,1342.6,1342.8
201804201217,1342.4,1342.4,1342.4,1342.4,1342.8,1342.8,1342.8,1342.8
201804201218,1342.4,1342.7,1342.4,1342.7,1342.8,1343.1,1342.8,1343.1
201804201219,1342.7,1342.7,1342.6,1342.6,1343.1,1343.1,1343,1343
201804201220,1342.7,1342.7,1342.6,1342.7,1343.1,1343.1,1343,1343.1
201804201221,1342.7,1342.7,1342.6,1342.7,1343.1,1343.1,1343,1343.1
201804201222,1342.7,1342.7,1342.7,1342.7,1343.1,1343.1,1343.1,1343.1
201804201223,1342.7,1342.8,1342.7,1342.7,1343.1,1343.2,1343.1,1343.1
201804201224,1342.7,1342.7,1342.5,1342.5,1343.1,1343.1,1342.9,1342.9
201804201225,1342.5,1342.6,1342.5,1342.6,1342.9,1343,1342.9,1343
201804201226,1342.6,1342.7,1342.6,1342.7,1343,1343.1,1343,1343.1
201804201227,1342.7,1342.8,1342.6,1342.7,1343.1,1343.2,1343,1343.1
201804201228,1342.7,1342.8,1342.6,1342.6,1343.1,1343.2,1343,1343
201804201229,1342.6,1342.8,1342.6,1342.7,1343,1343.2,1343,1343.1
201804201230,1342.7,1342.7,1342.7,1342.7,1343.1,1343.1,1343.1,1343.1
201804201231,1342.7,1342.8,1342.7,1342.8,1343.1,1343.2,1343.1,1343.2
201804201232,1342.8,1343,1342.8,1343,1343.2,1343.4,1343.2,1343.4
201804201233,1343,1343,1342.7,1342.7,1343.4,1343.4,1343.1,1343.1
201804201234,1342.7,1342.8,1342.7,1342.7,1343.1,1343.2,1343.1,1343.1
201804201235,1342.7,1342.7,1342.6,1342.6,1343.1,1343.1,1343,1343
201804201236,1342.6,1342.6,1342.6,1342.6,1343,1343,1343,1343
201804201237,1342.6,1342.8,1342.6,1342.8,1343,1343.2,1343,1343.2
201804201238,1342.8,1342.9,1342.7,1342.8,1343.2,1343.3,1343.1,1343.2
201804201239,1342.8,1342.9,1342.8,1342.9,1343.2,1343.3,1343.2,1343.3
201804201240,1342.9,1342.9,1342.9,1342.9,1343.3,1343.3,1343.3,1343.3
201804201241,1342.9,1343,1342.9,1342.9,1343.3,1343.4,1343.3,1343.3
201804201242,1342.9,1343.1,1342.9,1343.1,1343.3,1343.5,1343.3,1343.5
201804201243,1343.1,1343.1,1343.1,1343.1,1343.5,1343.5,1343.5,1343.5
201804201244,1343.1,1343.1,1343,1343,1343.5,1343.5,1343.4,1343.4
201804201245,1343,1343.1,1342.9,1343.1,1343.4,1343.5,1343.3,1343.5
201804201246,1343.1,1343.1,1343,1343.1,1343.5,1343.5,1343.4,1343.5
201804201247,1343.1,1343.4,1343.1,1343.2,1343.5,1343.8,1343.5,1343.6
201804201248,1343.3,1343.3,1343.2,1343.3,1343.7,1343.7,1343.6,1343.7
201804201249,1343.3,1343.3,1343.2,1343.3,1343.7,1343.7,1343.6,1343.7
201804201250,1343.4,1343.4,1343.3,1343.3,1343.8,1343.8,1343.7,1343.7
201804201251,1343.4,1343.4,1343.3,1343.3,1343.8,1343.8,1343.7,1343.7
201804201252,1343.3,1343.3,1343.1,1343.2,1343.7,1343.7,1343.5,1343.6
201804201253,1343.2,1343.3,1343.2,1343.3,1343.6,1343.7,1343.6,1343.7
201804201254,1343.3,1343.3,1343.3,1343.3,1343.7,1343.7,1343.7,1343.7
201804201255,1343.3,1343.4,1343.2,1343.2,1343.7,1343.8,1343.6,1343.6
201804201256,1343.2,1343.2,1343.2,1343.2,1343.6,1343.6,1343.6,1343.6
201804201257,1343.2,1343.2,1343.1,1343.1,1343.6,1343.6,1343.5,1343.5
201804201258,1343.1,1343.1,1343.1,1343.1,1343.5,1343.5,1343.5,1343.5
201804201259,1343.1,1343.1,1343,1343,1343.5,1343.5,1343.4,1343.4
201804201300,1343,1343.1,1342.8,1342.8,1343.4,1343.5,1343.2,1343.2
201804201301,1342.8,1342.8,1342.7,1342.8,1343.2,1343.2,1343.1,1343.2
201804201302,1342.8,1342.8,1342.7,1342.7,1343.2,1343.2,1343.1,1343.1
201804201303,1342.7,1342.7,1342.7,1342.7,1343.1,1343.1,1343.1,1343.1
201804201304,1342.7,1342.7,1342.7,1342.7,1343.1,1343.1,1343.1,1343.1
201804201305,1342.7,1342.7,1342.7,1342.7,1343.1,1343.1,1343.1,1343.1
201804201306,1342.7,1342.7,1342.6,1342.6,1343.1,1343.1,1343,1343
201804201307,1342.7,1342.7,1342.6,1342.7,1343.1,1343.1,1343,1343.1
201804201308,1342.7,1342.8,1342.6,1342.7,1343.1,1343.2,1343,1343.1
201804201309,1342.7,1342.7,1342.6,1342.6,1343.1,1343.1,1343,1343
201804201310,1342.6,1342.8,1342.6,1342.7,1343,1343.2,1343,1343.1
201804201311,1342.7,1342.7,1342.5,1342.6,1343.1,1343.1,1342.9,1343
201804201312,1342.6,1342.6,1342.2,1342.2,1343,1343,1342.6,1342.6
201804201313,1342.2,1342.4,1342,1342.3,1342.6,1342.8,1342.4,1342.7
201804201314,1342.3,1342.4,1342.2,1342.2,1342.7,1342.8,1342.6,1342.6
201804201315,1342.2,1342.5,1342.2,1342.4,1342.6,1342.9,1342.6,1342.8
201804201316,1342.4,1342.4,1342.3,1342.3,1342.8,1342.8,1342.7,1342.7
201804201317,1342.3,1342.4,1342.3,1342.3,1342.7,1342.8,1342.7,1342.7
201804201318,1342.3,1342.4,1342.3,1342.4,1342.7,1342.8,1342.7,1342.8
201804201319,1342.4,1342.5,1342.4,1342.4,1342.8,1342.9,1342.8,1342.8
201804201320,1342.4,1342.4,1342.3,1342.3,1342.8,1342.8,1342.7,1342.7
201804201321,1342.3,1342.3,1342,1342,1342.7,1342.7,1342.4,1342.4
201804201322,1342,1342.1,1341.9,1342,1342.4,1342.5,1342.3,1342.4
201804201323,1342,1342.1,1342,1342,1342.4,1342.5,1342.4,1342.4
201804201324,1342.1,1342.1,1342.1,1342.1,1342.5,1342.5,1342.5,1342.5
201804201325,1342.1,1342.2,1342.1,1342.1,1342.5,1342.6,1342.5,1342.5
201804201326,1342.1,1342.1,1342.1,1342.1,1342.5,1342.5,1342.5,1342.5
201804201327,1342.1,1342.1,1342.1,1342.1,1342.5,1342.5,1342.5,1342.5
201804201328,1342.1,1342.1,1342.1,1342.1,1342.5,1342.5,1342.5,1342.5
201804201329,1342.1,1342.2,1342.1,1342.2,1342.5,1342.6,1342.5,1342.6
201804201330,1342.2,1342.3,1342.2,1342.3,1342.6,1342.7,1342.6,1342.7
201804201331,1342.3,1342.3,1342.3,1342.3,1342.7,1342.7,1342.7,1342.7
201804201332,1342.3,1342.3,1342.2,1342.2,1342.7,1342.7,1342.6,1342.6
201804201333,1342.2,1342.2,1342,1342.1,1342.6,1342.6,1342.4,1342.5
201804201334,1342.1,1342.2,1342.1,1342.1,1342.5,1342.6,1342.5,1342.5
201804201335,1342.1,1342.2,1342.1,1342.2,1342.5,1342.6,1342.5,1342.6
201804201336,1342.2,1342.2,1342.1,1342.1,1342.6,1342.6,1342.5,1342.5
201804201337,1342.1,1342.1,1342.1,1342.1,1342.5,1342.5,1342.5,1342.5
201804201338,1342.1,1342.1,1342.1,1342.1,1342.5,1342.5,1342.5,1342.5
201804201339,1342.1,1342.1,1342.1,1342.1,1342.5,1342.5,1342.5,1342.5
201804201340,1342.1,1342.2,1342.1,1342.2,1342.5,1342.6,1342.5,1342.6
201804201341,1342.2,1342.2,1342.2,1342.2,1342.6,1342.6,1342.6,1342.6
201804201342,1342.2,1342.2,1342.2,1342.2,1342.6,1342.6,1342.6,1342.6
201804201343,1342.2,1342.2,1342.1,1342.1,1342.6,1342.6,1342.5,1342.5
201804201344,1342.1,1342.1,1342.1,1342.1,1342.5,1342.5,1342.5,1342.5
201804201345,1342.1,1342.1,1342,1342,1342.5,1342.5,1342.4,1342.4
201804201346,1342,1342,1342,1342,1342.4,1342.4,1342.4,1342.4
201804201347,1342,1342.1,1342,1342,1342.4,1342.5,1342.4,1342.4
201804201348,1342,1342,1342,1342,1342.4,1342.4,1342.4,1342.4
201804201349,1342,1342,1342,1342,1342.4,1342.4,1342.4,1342.4
201804201350,1342,1342.1,1342,1342.1,1342.4,1342.5,1342.4,1342.5
201804201351,1342.1,1342.2,1342.1,1342.2,1342.5,1342.6,1342.5,1342.6
201804201352,1342.2,1342.2,1342.1,1342.1,1342.6,1342.6,1342.5,1342.5
201804201353,1342.1,1342.2,1342.1,1342.1,1342.5,1342.6,1342.5,1342.5
201804201354,1342.1,1342.2,1342.1,1342.1,1342.5,1342.6,1342.5,1342.5
201804201355,1342.1,1342.2,1342.1,1342.2,1342.5,1342.6,1342.5,1342.6
201804201356,1342.2,1342.2,1342.1,1342.1,1342.6,1342.6,1342.5,1342.5
201804201357,1342.1,1342.2,1342.1,1342.2,1342.5,1342.6,1342.5,1342.6
201804201358,1342.2,1342.2,1342.1,1342.2,1342.6,1342.6,1342.5,1342.6
201804201359,1342.2,1342.2,1342.2,1342.2,1342.6,1342.6,1342.6,1342.6
201804201400,1342.2,1342.2,1342.2,1342.2,1342.6,1342.6,1342.6,1342.6
201804201401,1342.2,1342.2,1341.9,1341.9,1342.6,1342.6,1342.3,1342.3
201804201402,1341.9,1341.9,1341.8,1341.8,1342.3,1342.3,1342.2,1342.2
201804201403,1341.8,1341.8,1341.2,1341.4,1342.2,1342.2,1341.6,1341.8
201804201404,1341.4,1341.5,1341.3,1341.4,1341.8,1341.9,1341.7,1341.8
201804201405,1341.4,1341.5,1341.2,1341.4,1341.8,1341.9,1341.6,1341.8
201804201406,1341.5,1341.6,1341.5,1341.5,1341.9,1342,1341.9,1341.9
201804201407,1341.5,1341.6,1341.5,1341.5,1341.9,1342,1341.9,1341.9
201804201408,1341.5,1341.5,1341.3,1341.4,1341.9,1341.9,1341.7,1341.8
201804201409,1341.4,1341.4,1341.3,1341.4,1341.8,1341.8,1341.7,1341.8
201804201410,1341.4,1341.5,1341.2,1341.3,1341.8,1341.9,1341.6,1341.7
201804201411,1341.3,1341.6,1341.2,1341.6,1341.7,1342,1341.6,1342
201804201412,1341.7,1341.9,1341.7,1341.9,1342.1,1342.3,1342.1,1342.3
201804201413,1341.9,1341.9,1341.8,1341.9,1342.3,1342.3,1342.2,1342.3
201804201414,1341.9,1342.2,1341.9,1342,1342.3,1342.6,1342.3,1342.4
201804201415,1342,1342.1,1341.9,1342,1342.4,1342.5,1342.3,1342.4
201804201416,1342,1342,1341.6,1341.9,1342.4,1342.4,1342,1342.3
201804201417,1341.9,1342,1341.9,1342,1342.3,1342.4,1342.3,1342.4
201804201418,1342,1342,1341.9,1342,1342.4,1342.4,1342.3,1342.4
201804201419,1342,1342,1342,1342,1342.4,1342.4,1342.4,1342.4
201804201420,1342,1342.1,1342,1342.1,1342.4,1342.5,1342.4,1342.5
201804201421,1342.1,1342.3,1342.1,1342.3,1342.5,1342.7,1342.5,1342.7
201804201422,1342.3,1342.3,1342.1,1342.2,1342.7,1342.7,1342.5,1342.6
201804201423,1342.1,1342.2,1342.1,1342.1,1342.5,1342.6,1342.5,1342.5
201804201424,1342.1,1342.1,1342.1,1342.1,1342.5,1342.5,1342.5,1342.5
201804201425,1342.1,1342.1,1341.9,1342,1342.5,1342.5,1342.3,1342.4
201804201426,1342,1342,1342,1342,1342.4,1342.4,1342.4,1342.4
201804201427,1342,1342.4,1342,1342.4,1342.4,1342.8,1342.4,1342.8
201804201428,1342.4,1342.4,1342.3,1342.4,1342.8,1342.8,1342.7,1342.8
201804201429,1342.4,1342.4,1342.3,1342.3,1342.8,1342.8,1342.7,1342.7
201804201430,1342.3,1342.3,1342.2,1342.2,1342.7,1342.7,1342.6,1342.6
201804201431,1342.2,1342.5,1342.2,1342.5,1342.6,1342.9,1342.6,1342.9
201804201432,1342.5,1342.5,1342.4,1342.4,1342.9,1342.9,1342.8,1342.8
201804201433,1342.4,1342.7,1342.4,1342.7,1342.8,1343.1,1342.8,1343.1
201804201434,1342.7,1342.9,1342.5,1342.9,1343.1,1343.3,1342.9,1343.3
201804201435,1342.9,1342.9,1342.7,1342.9,1343.3,1343.3,1343.1,1343.3
201804201436,1342.9,1342.9,1342.6,1342.7,1343.3,1343.3,1343,1343.1
201804201437,1342.7,1342.8,1342.6,1342.8,1343.1,1343.2,1343,1343.2
201804201438,1342.8,1342.9,1342.7,1342.7,1343.2,1343.3,1343.1,1343.1
201804201439,1342.7,1342.8,1342.6,1342.8,1343.1,1343.2,1343,1343.2
201804201440,1342.8,1342.9,1342.7,1342.8,1343.2,1343.3,1343.1,1343.2
201804201441,1342.8,1342.9,1342.7,1342.8,1343.2,1343.3,1343.1,1343.2
201804201442,1342.8,1342.8,1342.6,1342.6,1343.2,1343.2,1343,1343
201804201443,1342.6,1342.6,1342.3,1342.4,1343,1343,1342.7,1342.8
201804201444,1342.4,1342.4,1342.3,1342.3,1342.8,1342.8,1342.7,1342.7
201804201445,1342.3,1342.5,1342.3,1342.4,1342.7,1342.9,1342.7,1342.8
201804201446,1342.4,1342.4,1342.3,1342.4,1342.8,1342.8,1342.7,1342.8
201804201447,1342.4,1342.4,1342.3,1342.4,1342.8,1342.8,1342.7,1342.8
201804201448,1342.4,1342.5,1342.4,1342.5,1342.8,1342.9,1342.8,1342.9
201804201449,1342.5,1342.6,1342.4,1342.6,1342.9,1343,1342.8,1343
201804201450,1342.6,1342.6,1342.5,1342.6,1343,1343,1342.9,1343
201804201451,1342.6,1342.8,1342.6,1342.8,1343,1343.2,1343,1343.2
201804201452,1342.8,1342.9,1342.7,1342.8,1343.2,1343.3,1343.1,1343.2
201804201453,1342.8,1342.8,1342.5,1342.5,1343.2,1343.2,1342.9,1342.9
201804201454,1342.5,1342.6,1342.5,1342.6,1342.9,1343,1342.9,1343
201804201455,1342.6,1342.7,1342.6,1342.7,1343,1343.1,1343,1343.1
201804201456,1342.7,1343,1342.7,1343,1343.1,1343.4,1343.1,1343.4
201804201457,1343,1343,1342.8,1342.8,1343.4,1343.4,1343.2,1343.2
201804201458,1342.8,1342.8,1342.7,1342.8,1343.2,1343.2,1343.1,1343.2
201804201459,1342.8,1343.1,1342.8,1342.9,1343.2,1343.5,1343.2,1343.3
201804201500,1342.9,1342.9,1342.7,1342.7,1343.3,1343.3,1343.1,1343.1
201804201501,1342.7,1342.7,1342.4,1342.5,1343.1,1343.1,1342.8,1342.9
201804201502,1342.5,1342.6,1342.3,1342.5,1342.9,1343,1342.7,1342.9
201804201503,1342.5,1342.6,1342.4,1342.5,1342.9,1343,1342.8,1342.9
201804201504,1342.5,1342.6,1342.4,1342.6,1342.9,1343,1342.8,1343
201804201505,1342.6,1342.6,1342.3,1342.4,1343,1343,1342.7,1342.8
201804201506,1342.4,1342.4,1342.1,1342.1,1342.8,1342.8,1342.5,1342.5
201804201507,1342.1,1342.3,1342.1,1342.3,1342.5,1342.7,1342.5,1342.7
201804201508,1342.4,1342.4,1342.3,1342.4,1342.8,1342.8,1342.7,1342.8
201804201509,1342.4,1342.6,1342.3,1342.6,1342.8,1343,1342.7,1343
201804201510,1342.7,1342.7,1342.2,1342.3,1343.1,1343.1,1342.6,1342.7
201804201511,1342.3,1342.3,1341.6,1341.7,1342.7,1342.7,1342,1342.1
201804201512,1341.8,1342,1341.8,1341.9,1342.2,1342.4,1342.2,1342.3
201804201513,1341.9,1342.2,1341.9,1342.2,1342.3,1342.6,1342.3,1342.6
201804201514,1342.2,1342.2,1341.8,1341.9,1342.6,1342.6,1342.2,1342.3
201804201515,1341.9,1342.3,1341.8,1341.9,1342.3,1342.7,1342.2,1342.3
201804201516,1341.9,1342.2,1341.9,1342,1342.3,1342.6,1342.3,1342.4
201804201517,1342,1342.3,1342,1342.3,1342.4,1342.7,1342.4,1342.7
201804201518,1342.3,1342.3,1342,1342.3,1342.7,1342.7,1342.4,1342.7
201804201519,1342.3,1342.4,1342.2,1342.4,1342.7,1342.8,1342.6,1342.8
201804201520,1342.4,1342.8,1342.4,1342.7,1342.8,1343.2,1342.8,1343.1
201804201521,1342.7,1342.8,1342.5,1342.7,1343.1,1343.2,1342.9,1343.1
201804201522,1342.7,1343,1342.7,1342.8,1343.1,1343.4,1343.1,1343.2
201804201523,1342.8,1343.7,1342.8,1343.5,1343.2,1344.1,1343.2,1343.9
201804201524,1343.5,1344.1,1343.5,1343.8,1343.9,1344.5,1343.9,1344.2
201804201525,1343.8,1343.8,1343.5,1343.6,1344.2,1344.2,1343.9,1344
201804201526,1343.6,1343.7,1343.5,1343.6,1344,1344.1,1343.9,1344
201804201527,1343.6,1343.6,1343.4,1343.5,1344,1344,1343.8,1343.9
201804201528,1343.5,1343.5,1343.4,1343.4,1343.9,1343.9,1343.8,1343.8
201804201529,1343.4,1343.6,1343.4,1343.5,1343.8,1344,1343.8,1343.9
201804201530,1343.5,1343.8,1343.4,1343.5,1343.9,1344.2,1343.8,1343.9
201804201531,1343.5,1343.6,1343.3,1343.3,1343.9,1344,1343.7,1343.7
201804201532,1343.3,1343.4,1343.3,1343.3,1343.7,1343.8,1343.7,1343.7
201804201533,1343.3,1343.4,1343.3,1343.4,1343.7,1343.8,1343.7,1343.8
201804201534,1343.4,1343.4,1343.2,1343.3,1343.8,1343.8,1343.6,1343.7
201804201535,1343.3,1343.5,1343.2,1343.5,1343.7,1343.9,1343.6,1343.9
201804201536,1343.5,1343.6,1343.4,1343.5,1343.9,1344,1343.8,1343.9
201804201537,1343.5,1343.6,1343.5,1343.5,1343.9,1344,1343.9,1343.9
201804201538,1343.5,1343.6,1343.4,1343.5,1343.9,1344,1343.8,1343.9
201804201539,1343.5,1343.6,1343.4,1343.5,1343.9,1344,1343.8,1343.9
201804201540,1343.5,1343.8,1343.5,1343.7,1343.9,1344.2,1343.9,1344.1
201804201541,1343.7,1344,1343.7,1344,1344.1,1344.4,1344.1,1344.4
201804201542,1344,1344.1,1343.9,1344.1,1344.4,1344.5,1344.3,1344.5
201804201543,1344,1344.1,1343.9,1343.9,1344.4,1344.5,1344.3,1344.3
201804201544,1343.9,1343.9,1343.8,1343.8,1344.3,1344.3,1344.2,1344.2
201804201545,1343.8,1343.8,1343.6,1343.8,1344.2,1344.2,1344,1344.2
201804201546,1343.8,1343.8,1343.7,1343.8,1344.2,1344.2,1344.1,1344.2
201804201547,1343.8,1343.8,1343.6,1343.7,1344.2,1344.2,1344,1344.1
201804201548,1343.7,1343.9,1343.6,1343.9,1344.1,1344.3,1344,1344.3
201804201549,1343.8,1344.1,1343.8,1344,1344.2,1344.5,1344.2,1344.4
201804201550,1344,1344,1343.7,1343.8,1344.4,1344.4,1344.1,1344.2
201804201551,1343.8,1343.9,1343.7,1343.9,1344.2,1344.3,1344.1,1344.3
201804201552,1343.9,1344.1,1343.9,1344,1344.3,1344.5,1344.3,1344.4
201804201553,1344,1344.2,1344,1344.2,1344.4,1344.6,1344.4,1344.6
201804201554,1344.1,1344.3,1344,1344.2,1344.5,1344.7,1344.4,1344.6
201804201555,1344.2,1344.2,1343.8,1343.8,1344.6,1344.6,1344.2,1344.2
201804201556,1343.8,1343.8,1343.6,1343.6,1344.2,1344.2,1344,1344
201804201557,1343.5,1343.5,1343.2,1343.3,1343.9,1343.9,1343.6,1343.7
201804201558,1343.3,1343.5,1343.3,1343.5,1343.7,1343.9,1343.7,1343.9
201804201559,1343.5,1343.5,1343.2,1343.2,1343.9,1343.9,1343.6,1343.6
201804201600,1343.3,1343.6,1343.3,1343.6,1343.7,1344,1343.7,1344
201804201601,1343.6,1343.6,1343.5,1343.6,1344,1344,1343.9,1344
201804201602,1343.5,1343.7,1343.5,1343.6,1343.9,1344.1,1343.9,1344
201804201603,1343.6,1343.6,1343.4,1343.5,1344,1344,1343.8,1343.9
201804201604,1343.5,1343.6,1343.4,1343.5,1343.9,1344,1343.8,1343.9
201804201605,1343.5,1343.6,1343.5,1343.5,1343.9,1344,1343.9,1343.9
201804201606,1343.5,1343.5,1343.4,1343.4,1343.9,1343.9,1343.8,1343.8
201804201607,1343.4,1343.5,1343.3,1343.4,1343.8,1343.9,1343.7,1343.8
201804201608,1343.4,1343.4,1343.3,1343.3,1343.8,1343.8,1343.7,1343.7
201804201609,1343.3,1343.4,1343.3,1343.4,1343.7,1343.8,1343.7,1343.8
201804201610,1343.4,1343.5,1343.3,1343.4,1343.8,1343.9,1343.7,1343.8
201804201611,1343.4,1343.4,1343.3,1343.3,1343.8,1343.8,1343.7,1343.7
201804201612,1343.3,1343.5,1343.3,1343.4,1343.7,1343.9,1343.7,1343.8
201804201613,1343.4,1343.7,1343.4,1343.7,1343.8,1344.1,1343.8,1344.1
201804201614,1343.7,1344,1343.7,1344,1344.1,1344.4,1344.1,1344.4
201804201615,1344,1344,1343.7,1343.9,1344.4,1344.4,1344.1,1344.3
201804201616,1343.9,1343.9,1343.8,1343.8,1344.3,1344.3,1344.2,1344.2
201804201617,1343.8,1343.8,1343.5,1343.5,1344.2,1344.2,1343.9,1343.9
201804201618,1343.5,1343.8,1343.4,1343.8,1343.9,1344.2,1343.8,1344.2
201804201619,1343.8,1343.8,1343.7,1343.7,1344.2,1344.2,1344.1,1344.1
201804201620,1343.7,1343.7,1343.7,1343.7,1344.1,1344.1,1344.1,1344.1
201804201621,1343.7,1343.7,1343.7,1343.7,1344.1,1344.1,1344.1,1344.1
201804201622,1343.7,1343.7,1342.9,1343.1,1344.1,1344.1,1343.3,1343.5
201804201623,1343.1,1343.2,1342.7,1342.9,1343.5,1343.6,1343.1,1343.3
201804201624,1342.9,1342.9,1342.2,1342.4,1343.3,1343.3,1342.6,1342.8
201804201625,1342.3,1342.3,1341.7,1341.7,1342.7,1342.7,1342.1,1342.1
201804201626,1341.7,1342,1341.7,1341.9,1342.1,1342.4,1342.1,1342.3
201804201627,1341.9,1342,1341.7,1341.7,1342.3,1342.4,1342.1,1342.1
201804201628,1341.7,1341.9,1341.4,1341.9,1342.1,1342.3,1341.8,1342.3
201804201629,1341.9,1342.2,1341.8,1342.1,1342.3,1342.6,1342.2,1342.5
201804201630,1342.1,1342.2,1342,1342,1342.5,1342.6,1342.4,1342.4
201804201631,1342,1342,1341.4,1341.4,1342.4,1342.4,1341.8,1341.8
201804201632,1341.4,1342,1341.4,1341.8,1341.8,1342.4,1341.8,1342.2
201804201633,1341.8,1341.8,1341.7,1341.7,1342.2,1342.2,1342.1,1342.1
201804201634,1341.7,1341.8,1341.4,1341.8,1342.1,1342.2,1341.8,1342.2
201804201635,1341.8,1342,1340.4,1340.9,1342.2,1342.4,1340.8,1341.3
201804201636,1340.9,1341.7,1340.6,1341.5,1341.3,1342.1,1341,1341.9
201804201637,1341.5,1341.6,1340.7,1341.3,1341.9,1342,1341.1,1341.7
201804201638,1341.3,1341.5,1341.2,1341.3,1341.7,1341.9,1341.6,1341.7
201804201639,1341.3,1341.3,1340.9,1340.9,1341.7,1341.7,1341.3,1341.3
201804201640,1340.9,1341.2,1340.9,1341.2,1341.3,1341.6,1341.3,1341.6
201804201641,1341.2,1341.4,1341,1341.1,1341.6,1341.8,1341.4,1341.5
201804201642,1341.1,1341.3,1341.1,1341.3,1341.5,1341.7,1341.5,1341.7
201804201643,1341.3,1341.3,1341,1341.3,1341.7,1341.7,1341.4,1341.7
201804201644,1341.2,1341.3,1341.1,1341.2,1341.6,1341.7,1341.5,1341.6
201804201645,1341.2,1341.3,1341.1,1341.2,1341.6,1341.7,1341.5,1341.6
201804201646,1341.2,1341.3,1341.1,1341.2,1341.6,1341.7,1341.5,1341.6
201804201647,1341.2,1341.3,1341.2,1341.2,1341.6,1341.7,1341.6,1341.6
201804201648,1341.2,1341.5,1341.2,1341.4,1341.6,1341.9,1341.6,1341.8
201804201649,1341.4,1341.5,1341.3,1341.4,1341.8,1341.9,1341.7,1341.8
201804201650,1341.5,1341.8,1341.5,1341.7,1341.9,1342.2,1341.9,1342.1
201804201651,1341.7,1341.8,1341.7,1341.7,1342.1,1342.2,1342.1,1342.1
201804201652,1341.7,1341.8,1341.7,1341.7,1342.1,1342.2,1342.1,1342.1
201804201653,1341.7,1341.9,1341.6,1341.8,1342.1,1342.3,1342,1342.2
201804201654,1341.7,1341.8,1341.4,1341.4,1342.1,1342.2,1341.8,1341.8
201804201655,1341.4,1341.5,1341.1,1341.2,1341.8,1341.9,1341.5,1341.6
201804201656,1341.3,1341.4,1341.2,1341.4,1341.7,1341.8,1341.6,1341.8
201804201657,1341.4,1341.4,1341.3,1341.3,1341.8,1341.8,1341.7,1341.7
201804201658,1341.3,1341.3,1341.1,1341.1,1341.7,1341.7,1341.5,1341.5
201804201659,1341.1,1341.3,1341.1,1341.1,1341.5,1341.7,1341.5,1341.5
201804201700,1341.1,1341.1,1340.8,1341.1,1341.5,1341.5,1341.2,1341.5
201804201701,1341.1,1341.1,1340.5,1340.5,1341.5,1341.5,1340.9,1340.9
201804201702,1340.5,1341.1,1340.5,1341.1,1340.9,1341.5,1340.9,1341.5
201804201703,1341.1,1341.2,1341,1341.2,1341.5,1341.6,1341.4,1341.6
201804201704,1341.2,1341.3,1341.2,1341.3,1341.6,1341.7,1341.6,1341.7
201804201705,1341.2,1341.3,1340.9,1340.9,1341.6,1341.7,1341.3,1341.3
201804201706,1340.9,1341.1,1340.8,1341.1,1341.3,1341.5,1341.2,1341.5
201804201707,1341.1,1341.4,1341.1,1341.3,1341.5,1341.8,1341.5,1341.7
201804201708,1341.3,1341.6,1341.3,1341.4,1341.7,1342,1341.7,1341.8
201804201709,1341.4,1341.5,1341.3,1341.3,1341.8,1341.9,1341.7,1341.7
201804201710,1341.3,1341.5,1341.3,1341.5,1341.7,1341.9,1341.7,1341.9
201804201711,1341.6,1341.8,1341.6,1341.8,1342,1342.2,1342,1342.2
201804201712,1341.8,1341.9,1341.7,1341.9,1342.2,1342.3,1342.1,1342.3
201804201713,1341.9,1342.1,1341.9,1342.1,1342.3,1342.5,1342.3,1342.5
201804201714,1342.1,1342.2,1342,1342,1342.5,1342.6,1342.4,1342.4
201804201715,1342,1342.2,1341.9,1341.9,1342.4,1342.6,1342.3,1342.3
201804201716,1341.9,1342.1,1341.9,1342.1,1342.3,1342.5,1342.3,1342.5
201804201717,1342.1,1342.1,1342,1342,1342.5,1342.5,1342.4,1342.4
201804201718,1342,1342.2,1341.9,1342,1342.4,1342.6,1342.3,1342.4
201804201719,1342,1342.2,1342,1342.1,1342.4,1342.6,1342.4,1342.5
201804201720,1342.1,1342.1,1341.9,1342.1,1342.5,1342.5,1342.3,1342.5
201804201721,1342.1,1342.5,1342.1,1342.3,1342.5,1342.9,1342.5,1342.7
201804201722,1342.3,1342.4,1342.3,1342.3,1342.7,1342.8,1342.7,1342.7
201804201723,1342.3,1342.3,1342.1,1342.2,1342.7,1342.7,1342.5,1342.6
201804201724,1342.2,1342.2,1342.1,1342.2,1342.6,1342.6,1342.5,1342.6
201804201725,1342.2,1342.2,1342.2,1342.2,1342.6,1342.6,1342.6,1342.6
201804201726,1342.2,1342.6,1342.2,1342.4,1342.6,1343,1342.6,1342.8
201804201727,1342.3,1342.5,1342.3,1342.5,1342.7,1342.9,1342.7,1342.9
201804201728,1342.5,1342.5,1342.1,1342.1,1342.9,1342.9,1342.5,1342.5
201804201729,1342.1,1342.3,1342.1,1342.3,1342.5,1342.7,1342.5,1342.7
201804201730,1342.4,1342.4,1342.3,1342.4,1342.8,1342.8,1342.7,1342.8
201804201731,1342.4,1342.6,1342.4,1342.5,1342.8,1343,1342.8,1342.9
201804201732,1342.5,1342.6,1342.3,1342.3,1342.9,1343,1342.7,1342.7
201804201733,1342.3,1342.4,1342.2,1342.3,1342.7,1342.8,1342.6,1342.7
201804201734,1342.2,1342.3,1342.2,1342.2,1342.6,1342.7,1342.6,1342.6
201804201735,1342.2,1342.3,1341.9,1342.3,1342.6,1342.7,1342.3,1342.7
201804201736,1342.3,1342.6,1342.3,1342.5,1342.7,1343,1342.7,1342.9
201804201737,1342.4,1342.5,1342.3,1342.3,1342.8,1342.9,1342.7,1342.7
201804201738,1342.3,1342.3,1342.2,1342.2,1342.7,1342.7,1342.6,1342.6
201804201739,1342.2,1342.2,1342,1342.1,1342.6,1342.6,1342.4,1342.5
201804201740,1342.1,1342.2,1342,1342.1,1342.5,1342.6,1342.4,1342.5
201804201741,1342.1,1342.5,1342.1,1342.4,1342.5,1342.9,1342.5,1342.8
201804201742,1342.4,1342.4,1342.3,1342.4,1342.8,1342.8,1342.7,1342.8
201804201743,1342.4,1342.4,1342.1,1342.1,1342.8,1342.8,1342.5,1342.5
201804201744,1342.1,1342.3,1342.1,1342.3,1342.5,1342.7,1342.5,1342.7
201804201745,1342.3,1342.4,1342.1,1342.1,1342.7,1342.8,1342.5,1342.5
201804201746,1342.1,1342.2,1342,1342.1,1342.5,1342.6,1342.4,1342.5
201804201747,1342.1,1342.2,1342.1,1342.2,1342.5,1342.6,1342.5,1342.6
201804201748,1342.2,1342.4,1342.2,1342.2,1342.6,1342.8,1342.6,1342.6
201804201749,1342.2,1342.2,1342,1342.2,1342.6,1342.6,1342.4,1342.6
201804201750,1342.2,1342.2,1342,1342.1,1342.6,1342.6,1342.4,1342.5
201804201751,1342.1,1342.2,1342,1342.1,1342.5,1342.6,1342.4,1342.5
201804201752,1342.1,1342.1,1341.9,1341.9,1342.5,1342.5,1342.3,1342.3
201804201753,1342,1342,1341.8,1341.8,1342.4,1342.4,1342.2,1342.2
201804201754,1341.8,1341.9,1341.8,1341.8,1342.2,1342.3,1342.2,1342.2
201804201755,1341.8,1341.8,1341.4,1341.5,1342.2,1342.2,1341.8,1341.9
201804201756,1341.5,1341.6,1341.4,1341.5,1341.9,1342,1341.8,1341.9
201804201757,1341.5,1341.5,1341.2,1341.2,1341.9,1341.9,1341.6,1341.6
201804201758,1341.2,1341.4,1341.2,1341.2,1341.6,1341.8,1341.6,1341.6
201804201759,1341.2,1341.3,1341.1,1341.3,1341.6,1341.7,1341.5,1341.7
201804201800,1341.3,1341.5,1341.3,1341.5,1341.7,1341.9,1341.7,1341.9
201804201801,1341.5,1341.6,1341.3,1341.4,1341.9,1342,1341.7,1341.8
201804201802,1341.4,1341.4,1341.3,1341.3,1341.8,1341.8,1341.7,1341.7
201804201803,1341.3,1341.4,1341.3,1341.4,1341.7,1341.8,1341.7,1341.8
201804201804,1341.4,1341.4,1341.3,1341.3,1341.8,1341.8,1341.7,1341.7
201804201805,1341.3,1341.4,1341.2,1341.3,1341.7,1341.8,1341.6,1341.7
201804201806,1341.3,1341.4,1341.1,1341.2,1341.7,1341.8,1341.5,1341.6
201804201807,1341.2,1341.3,1341.1,1341.3,1341.6,1341.7,1341.5,1341.7
201804201808,1341.3,1341.4,1341.1,1341.1,1341.7,1341.8,1341.5,1341.5
201804201809,1341.1,1341.2,1341.1,1341.1,1341.5,1341.6,1341.5,1341.5
201804201810,1341.1,1341.3,1341,1341.2,1341.5,1341.7,1341.4,1341.6
201804201811,1341.2,1341.3,1341.1,1341.2,1341.6,1341.7,1341.5,1341.6
201804201812,1341.2,1341.3,1341.1,1341.1,1341.6,1341.7,1341.5,1341.5
201804201813,1341.1,1341.1,1341,1341,1341.5,1341.5,1341.4,1341.4
201804201814,1341,1341.2,1341,1341.1,1341.4,1341.6,1341.4,1341.5
201804201815,1341.1,1341.2,1341.1,1341.2,1341.5,1341.6,1341.5,1341.6
201804201816,1341.2,1341.2,1341.1,1341.1,1341.6,1341.6,1341.5,1341.5
201804201817,1341.1,1341.2,1341.1,1341.2,1341.5,1341.6,1341.5,1341.6
201804201818,1341.2,1341.5,1341.1,1341.2,1341.6,1341.9,1341.5,1341.6
201804201819,1341.2,1341.3,1341.2,1341.3,1341.6,1341.7,1341.6,1341.7
201804201820,1341.3,1341.3,1341,1341,1341.7,1341.7,1341.4,1341.4
201804201821,1341,1341,1340.9,1340.9,1341.4,1341.4,1341.3,1341.3
201804201822,1340.9,1340.9,1340.5,1340.7,1341.3,1341.3,1340.9,1341.1
201804201823,1340.7,1340.9,1340.7,1340.8,1341.1,1341.3,1341.1,1341.2
201804201824,1340.8,1340.9,1340.5,1340.5,1341.2,1341.3,1340.9,1340.9
201804201825,1340.5,1340.5,1340.3,1340.4,1340.9,1340.9,1340.7,1340.8
201804201826,1340.4,1340.5,1340.2,1340.3,1340.8,1340.9,1340.6,1340.7
201804201827,1340.3,1340.3,1339.8,1340.1,1340.7,1340.7,1340.2,1340.5
201804201828,1340.1,1340.1,1339.7,1339.7,1340.5,1340.5,1340.1,1340.1
201804201829,1339.7,1340.3,1339.7,1340,1340.1,1340.7,1340.1,1340.4
201804201830,1340,1340.2,1339.7,1339.8,1340.4,1340.6,1340.1,1340.2
201804201831,1339.7,1339.8,1339.2,1339.6,1340.1,1340.2,1339.6,1340
201804201832,1339.6,1339.9,1339.6,1339.9,1340,1340.3,1340,1340.3
201804201833,1339.9,1340.1,1339.9,1339.9,1340.3,1340.5,1340.3,1340.3
201804201834,1339.9,1339.9,1339.4,1339.5,1340.3,1340.3,1339.8,1339.9
201804201835,1339.5,1339.8,1339.5,1339.7,1339.9,1340.2,1339.9,1340.1
201804201836,1339.7,1340,1339.7,1339.9,1340.1,1340.4,1340.1,1340.3
201804201837,1339.9,1340.1,1339.6,1339.6,1340.3,1340.5,1340,1340
201804201838,1339.6,1339.9,1339.5,1339.9,1340,1340.3,1339.9,1340.3
201804201839,1339.9,1339.9,1339.7,1339.8,1340.3,1340.3,1340.1,1340.2
201804201840,1339.8,1340.2,1339.8,1340.1,1340.2,1340.6,1340.2,1340.5
201804201841,1340.1,1340.2,1340.1,1340.2,1340.5,1340.6,1340.5,1340.6
201804201842,1340.2,1340.3,1340.1,1340.2,1340.6,1340.7,1340.5,1340.6
201804201843,1340.2,1340.3,1340.1,1340.2,1340.6,1340.7,1340.5,1340.6
201804201844,1340.2,1340.2,1340,1340.1,1340.6,1340.6,1340.4,1340.5
201804201845,1340.1,1340.1,1339.9,1340.1,1340.5,1340.5,1340.3,1340.5
201804201846,1340,1340.2,1340,1340.2,1340.4,1340.6,1340.4,1340.6
201804201847,1340.2,1340.3,1340.2,1340.3,1340.6,1340.7,1340.6,1340.7
201804201848,1340.3,1340.3,1340.2,1340.2,1340.7,1340.7,1340.6,1340.6
201804201849,1340.2,1340.3,1340.1,1340.1,1340.6,1340.7,1340.5,1340.5
201804201850,1340.1,1340.1,1340.1,1340.1,1340.5,1340.5,1340.5,1340.5
201804201851,1340.1,1340.1,1340,1340,1340.5,1340.5,1340.4,1340.4
201804201852,1340,1340.1,1340,1340.1,1340.4,1340.5,1340.4,1340.5
201804201853,1340.1,1340.1,1339.9,1340.1,1340.5,1340.5,1340.3,1340.5
201804201854,1340.1,1340.1,1339.7,1339.8,1340.5,1340.5,1340.1,1340.2
201804201855,1339.8,1339.8,1339.5,1339.7,1340.2,1340.2,1339.9,1340.1
201804201856,1339.7,1339.9,1339.7,1339.9,1340.1,1340.3,1340.1,1340.3
201804201857,1339.9,1340.2,1339.9,1340.2,1340.3,1340.6,1340.3,1340.6
201804201858,1340.2,1340.2,1340,1340.1,1340.6,1340.6,1340.4,1340.5
201804201859,1340.1,1340.5,1340.1,1340.5,1340.5,1340.9,1340.5,1340.9
201804201900,1340.5,1340.5,1340.4,1340.5,1340.9,1340.9,1340.8,1340.9
201804201901,1340.5,1340.5,1340.4,1340.5,1340.9,1340.9,1340.8,1340.9
201804201902,1340.5,1340.6,1340.4,1340.4,1340.9,1341,1340.8,1340.8
201804201903,1340.4,1340.5,1340,1340,1340.8,1340.9,1340.4,1340.4
201804201904,1340,1340.2,1340,1340.1,1340.4,1340.6,1340.4,1340.5
201804201905,1340.1,1340.5,1340.1,1340.5,1340.5,1340.9,1340.5,1340.9
201804201906,1340.5,1340.5,1340.4,1340.4,1340.9,1340.9,1340.8,1340.8
201804201907,1340.4,1340.4,1340.3,1340.3,1340.8,1340.8,1340.7,1340.7
201804201908,1340.3,1340.5,1340.2,1340.4,1340.7,1340.9,1340.6,1340.8
201804201909,1340.4,1340.5,1340.3,1340.4,1340.8,1340.9,1340.7,1340.8
201804201910,1340.4,1340.6,1340.3,1340.6,1340.8,1341,1340.7,1341
201804201911,1340.6,1340.6,1340.5,1340.6,1341,1341,1340.9,1341
201804201912,1340.5,1340.6,1340.5,1340.6,1340.9,1341,1340.9,1341
201804201913,1340.6,1340.6,1340.5,1340.5,1341,1341,1340.9,1340.9
201804201914,1340.5,1340.6,1340.5,1340.6,1340.9,1341,1340.9,1341
201804201915,1340.6,1341,1340.6,1341,1341,1341.4,1341,1341.4
201804201916,1341,1341,1340.8,1340.8,1341.4,1341.4,1341.2,1341.2
201804201917,1340.8,1341,1340.8,1340.9,1341.2,1341.4,1341.2,1341.3
201804201918,1340.9,1340.9,1340.8,1340.8,1341.3,1341.3,1341.2,1341.2
201804201919,1340.8,1340.8,1340.3,1340.5,1341.2,1341.2,1340.7,1340.9
201804201920,1340.5,1340.5,1340.3,1340.3,1340.9,1340.9,1340.7,1340.7
201804201921,1340.3,1340.5,1340.3,1340.5,1340.7,1340.9,1340.7,1340.9
201804201922,1340.5,1340.7,1340.4,1340.7,1340.9,1341.1,1340.8,1341.1
201804201923,1340.7,1340.8,1340.5,1340.5,1341.1,1341.2,1340.9,1340.9
201804201924,1340.6,1340.6,1340.4,1340.4,1341,1341,1340.8,1340.8
201804201925,1340.4,1340.6,1340.4,1340.6,1340.8,1341,1340.8,1341
201804201926,1340.6,1340.8,1340.6,1340.8,1341,1341.2,1341,1341.2
201804201927,1340.8,1340.9,1340.8,1340.8,1341.2,1341.3,1341.2,1341.2
201804201928,1340.8,1340.9,1340.8,1340.9,1341.2,1341.3,1341.2,1341.3
201804201929,1340.9,1341.1,1340.8,1341.1,1341.3,1341.5,1341.2,1341.5
201804201930,1341.1,1341.3,1341,1341.3,1341.5,1341.7,1341.4,1341.7
201804201931,1341.3,1341.4,1341.2,1341.3,1341.7,1341.8,1341.6,1341.7
201804201932,1341.3,1341.3,1340.9,1341,1341.7,1341.7,1341.3,1341.4
201804201933,1341,1341.3,1341,1341.2,1341.4,1341.7,1341.4,1341.6
201804201934,1341.2,1341.4,1341.2,1341.3,1341.6,1341.8,1341.6,1341.7
201804201935,1341.3,1341.3,1341,1341.1,1341.7,1341.7,1341.4,1341.5
201804201936,1341.1,1341.2,1340.9,1341,1341.5,1341.6,1341.3,1341.4
201804201937,1341,1341,1340.9,1341,1341.4,1341.4,1341.3,1341.4
201804201938,1341,1341.1,1340.9,1341,1341.4,1341.5,1341.3,1341.4
201804201939,1341,1341,1340.9,1340.9,1341.4,1341.4,1341.3,1341.3
201804201940,1340.9,1340.9,1340.8,1340.9,1341.3,1341.3,1341.2,1341.3
201804201941,1340.9,1340.9,1340.7,1340.9,1341.3,1341.3,1341.1,1341.3
201804201942,1340.9,1341,1340.9,1341,1341.3,1341.4,1341.3,1341.4
201804201943,1341,1341,1340.9,1341,1341.4,1341.4,1341.3,1341.4
201804201944,1341,1341,1340.8,1340.8,1341.4,1341.4,1341.2,1341.2
201804201945,1340.7,1340.7,1340.6,1340.6,1341.1,1341.1,1341,1341
201804201946,1340.6,1340.7,1340.6,1340.6,1341,1341.1,1341,1341
201804201947,1340.6,1340.7,1340.4,1340.7,1341,1341.1,1340.8,1341.1
201804201948,1340.7,1340.7,1340.5,1340.5,1341.1,1341.1,1340.9,1340.9
201804201949,1340.5,1340.6,1340.4,1340.4,1340.9,1341,1340.8,1340.8
201804201950,1340.4,1340.5,1340.3,1340.4,1340.8,1340.9,1340.7,1340.8
201804201951,1340.4,1340.4,1340.2,1340.2,1340.8,1340.8,1340.6,1340.6
201804201952,1340.2,1340.2,1340.2,1340.2,1340.6,1340.6,1340.6,1340.6
201804201953,1340.2,1340.2,1340,1340,1340.6,1340.6,1340.4,1340.4
201804201954,1340,1340.2,1340,1340.1,1340.4,1340.6,1340.4,1340.5
201804201955,1340.1,1340.4,1340.1,1340.3,1340.5,1340.8,1340.5,1340.7
201804201956,1340.3,1340.5,1340.2,1340.5,1340.7,1340.9,1340.6,1340.9
201804201957,1340.5,1340.5,1340.4,1340.5,1340.9,1340.9,1340.8,1340.9
201804201958,1340.5,1340.8,1340.5,1340.8,1340.9,1341.2,1340.9,1341.2
201804201959,1340.8,1340.9,1340.7,1340.7,1341.2,1341.3,1341.1,1341.1
201804202000,1340.7,1341,1340.7,1340.7,1341.1,1341.4,1341.1,1341.1
201804202001,1340.7,1340.8,1340.6,1340.7,1341.1,1341.2,1341,1341.1
201804202002,1340.7,1340.7,1340.5,1340.7,1341.1,1341.1,1340.9,1341.1
201804202003,1340.7,1340.7,1340.4,1340.4,1341.1,1341.1,1340.8,1340.8
201804202004,1340.4,1340.5,1340.4,1340.5,1340.8,1340.9,1340.8,1340.9
201804202005,1340.5,1340.6,1340.4,1340.5,1340.9,1341,1340.8,1340.9
201804202006,1340.5,1340.8,1340.4,1340.8,1340.9,1341.2,1340.8,1341.2
201804202007,1340.8,1340.9,1340.7,1340.9,1341.2,1341.3,1341.1,1341.3
201804202008,1340.9,1341.8,1340.8,1341.7,1341.3,1342.2,1341.2,1342.1
201804202009,1341.7,1341.7,1341.6,1341.7,1342.1,1342.1,1342,1342.1
201804202010,1341.7,1341.8,1341.6,1341.8,1342.1,1342.2,1342,1342.2
201804202011,1341.8,1341.9,1341.7,1341.8,1342.2,1342.3,1342.1,1342.2
201804202012,1341.8,1341.9,1341.6,1341.9,1342.2,1342.3,1342,1342.3
201804202013,1341.9,1342,1341.7,1341.7,1342.3,1342.4,1342.1,1342.1
201804202014,1341.7,1342.1,1341.7,1341.7,1342.1,1342.5,1342.1,1342.1
201804202015,1341.7,1341.9,1341.7,1341.8,1342.1,1342.3,1342.1,1342.2
201804202016,1341.8,1342,1341.8,1342,1342.2,1342.4,1342.2,1342.4
201804202017,1342,1342,1341.5,1341.8,1342.4,1342.4,1341.9,1342.2
201804202018,1341.8,1341.8,1341.7,1341.8,1342.2,1342.2,1342.1,1342.2
201804202019,1341.8,1341.9,1341.5,1341.8,1342.2,1342.3,1341.9,1342.2
201804202020,1341.8,1341.9,1341.7,1341.7,1342.2,1342.3,1342.1,1342.1
201804202021,1341.7,1341.8,1341.5,1341.5,1342.1,1342.2,1341.9,1341.9
201804202022,1341.5,1341.9,1341.5,1341.8,1341.9,1342.3,1341.9,1342.2
201804202023,1341.8,1341.8,1341.6,1341.7,1342.2,1342.2,1342,1342.1
201804202024,1341.7,1341.8,1341.7,1341.8,1342.1,1342.2,1342.1,1342.2
201804202025,1341.8,1342.2,1341.8,1342.1,1342.2,1342.6,1342.2,1342.5
201804202026,1342.1,1342.2,1341.8,1342.1,1342.5,1342.6,1342.2,1342.5
201804202027,1342.1,1342.2,1342,1342.2,1342.5,1342.6,1342.4,1342.6
201804202028,1342.2,1342.3,1342.1,1342.2,1342.6,1342.7,1342.5,1342.6
201804202029,1342.1,1342.2,1341.8,1342.2,1342.5,1342.6,1342.2,1342.6
201804202030,1342.2,1342.2,1341.8,1342,1342.6,1342.6,1342.2,1342.4
201804202031,1342,1342.1,1341.9,1341.9,1342.4,1342.5,1342.3,1342.3
201804202032,1341.9,1342.1,1341.9,1342,1342.3,1342.5,1342.3,1342.4
201804202033,1342,1342.1,1341.8,1341.9,1342.4,1342.5,1342.2,1342.3
201804202034,1341.9,1342,1341.8,1342,1342.3,1342.4,1342.2,1342.4
201804202035,1342,1342.1,1341.8,1341.8,1342.4,1342.5,1342.2,1342.2
201804202036,1341.9,1342.1,1341.7,1342,1342.3,1342.5,1342.1,1342.4
201804202037,1342,1342.1,1341.8,1341.8,1342.4,1342.5,1342.2,1342.2
201804202038,1341.8,1341.8,1341.6,1341.7,1342.2,1342.2,1342,1342.1
201804202039,1341.7,1341.7,1341.1,1341.1,1342.1,1342.1,1341.5,1341.5
201804202040,1341.1,1341.2,1340.9,1341,1341.5,1341.6,1341.3,1341.4
201804202041,1341,1341.2,1341,1341.2,1341.4,1341.6,1341.4,1341.6
201804202042,1341.2,1341.2,1340.6,1341,1341.6,1341.6,1341,1341.4
201804202043,1341,1341,1340.5,1340.7,1341.4,1341.4,1340.9,1341.1
201804202044,1340.7,1340.8,1340.5,1340.5,1341.1,1341.2,1340.9,1340.9
201804202045,1340.5,1340.8,1340.5,1340.7,1340.9,1341.2,1340.9,1341.1
201804202046,1340.7,1340.8,1340.6,1340.7,1341.1,1341.2,1341,1341.1
201804202047,1340.7,1340.9,1340.7,1340.9,1341.1,1341.3,1341.1,1341.3
201804202048,1340.9,1341.1,1340.9,1341.1,1341.3,1341.5,1341.3,1341.5
201804202049,1341.1,1341.3,1341.1,1341.1,1341.5,1341.7,1341.5,1341.5
201804202050,1341.1,1341.1,1340.8,1340.9,1341.5,1341.5,1341.2,1341.3
201804202051,1340.9,1341,1340.8,1340.9,1341.3,1341.4,1341.2,1341.3
201804202052,1340.9,1340.9,1340.8,1340.8,1341.3,1341.3,1341.2,1341.2
201804202053,1340.8,1340.8,1340.7,1340.8,1341.2,1341.2,1341.1,1341.2
201804202054,1340.8,1340.8,1340.6,1340.6,1341.2,1341.2,1341,1341
201804202055,1340.6,1340.7,1340.6,1340.7,1341,1341.1,1341,1341.1
201804202056,1340.7,1340.7,1340.3,1340.4,1341.1,1341.1,1340.7,1340.8
201804202057,1340.4,1340.5,1340,1340.2,1340.8,1340.9,1340.4,1340.6
201804202058,1340.2,1340.3,1340.1,1340.1,1340.6,1340.7,1340.5,1340.5
201804202059,1340.2,1340.4,1340.1,1340.3,1340.6,1340.8,1340.5,1340.7
201804202100,1340.3,1340.6,1340.3,1340.6,1340.7,1341,1340.7,1341
201804202101,1340.6,1340.6,1340.4,1340.6,1341,1341,1340.8,1341
201804202102,1340.6,1340.7,1340.6,1340.7,1341,1341.1,1341,1341.1
201804202103,1340.7,1341,1340.7,1340.9,1341.1,1341.4,1341.1,1341.3
201804202104,1341,1341.2,1341,1341.1,1341.4,1341.6,1341.4,1341.5
201804202105,1341,1341.6,1341,1341.6,1341.4,1342,1341.4,1342
201804202106,1341.6,1342.1,1341.6,1342,1342,1342.5,1342,1342.4
201804202107,1342,1342,1341.9,1342,1342.4,1342.4,1342.3,1342.4
201804202108,1342,1342.2,1342,1342.2,1342.4,1342.6,1342.4,1342.6
201804202109,1342.2,1342.3,1341.9,1341.9,1342.6,1342.7,1342.3,1342.3
201804202110,1341.9,1342.3,1341.9,1342.1,1342.3,1342.7,1342.3,1342.5
201804202111,1342.1,1342.2,1342,1342.2,1342.5,1342.6,1342.4,1342.6
201804202112,1342.2,1343.5,1342.2,1343.4,1342.6,1343.9,1342.6,1343.8
201804202113,1343.4,1343.4,1343.1,1343.2,1343.8,1343.8,1343.5,1343.6
201804202114,1343.2,1343.2,1343,1343,1343.6,1343.6,1343.4,1343.4
201804202115,1343,1343.8,1343,1343.5,1343.4,1344.2,1343.4,1343.9
201804202116,1343.5,1344.1,1343.5,1343.6,1343.9,1344.5,1343.9,1344
201804202117,1343.6,1343.6,1343.4,1343.4,1344,1344,1343.8,1343.8
201804202118,1343.4,1343.4,1343.2,1343.3,1343.8,1343.8,1343.6,1343.7
201804202119,1343.3,1343.5,1343,1343,1343.7,1343.9,1343.4,1343.4
201804202120,1343,1343.1,1342.8,1342.9,1343.4,1343.5,1343.2,1343.3
201804202121,1342.8,1343.4,1342.8,1343.3,1343.2,1343.8,1343.2,1343.7
201804202122,1343.3,1343.3,1343.1,1343.3,1343.7,1343.7,1343.5,1343.7
201804202123,1343.3,1343.3,1343.1,1343.1,1343.7,1343.7,1343.5,1343.5
201804202124,1343.1,1343.1,1342.8,1342.9,1343.5,1343.5,1343.2,1343.3
201804202125,1342.9,1343,1342.8,1342.9,1343.3,1343.4,1343.2,1343.3
201804202126,1342.9,1343,1342.6,1342.6,1343.3,1343.4,1343,1343
201804202127,1342.6,1342.7,1342.3,1342.3,1343,1343.1,1342.7,1342.7
201804202128,1342.3,1342.4,1342.1,1342.3,1342.7,1342.8,1342.5,1342.7
201804202129,1342.3,1342.5,1342.3,1342.5,1342.7,1342.9,1342.7,1342.9
201804202130,1342.5,1343,1342.3,1342.9,1342.9,1343.4,1342.7,1343.3
201804202131,1342.9,1342.9,1342.3,1342.5,1343.3,1343.3,1342.7,1342.9
201804202132,1342.5,1342.7,1342.5,1342.5,1342.9,1343.1,1342.9,1342.9
201804202133,1342.5,1342.7,1342.5,1342.5,1342.9,1343.1,1342.9,1342.9
201804202134,1342.5,1342.5,1341.7,1341.8,1342.9,1342.9,1342.1,1342.2
201804202135,1341.8,1342.4,1341.8,1342.3,1342.2,1342.8,1342.2,1342.7
201804202136,1342.4,1342.4,1342.2,1342.4,1342.8,1342.8,1342.6,1342.8
201804202137,1342.4,1342.5,1342.2,1342.4,1342.8,1342.9,1342.6,1342.8
201804202138,1342.5,1342.6,1342.3,1342.6,1342.9,1343,1342.7,1343
201804202139,1342.6,1343,1342.6,1342.8,1343,1343.4,1343,1343.2
201804202140,1342.8,1342.8,1342.2,1342.2,1343.2,1343.2,1342.6,1342.6
201804202141,1342.2,1342.2,1341.9,1342.1,1342.6,1342.6,1342.3,1342.5
201804202142,1342.1,1342.3,1342,1342.2,1342.5,1342.7,1342.4,1342.6
201804202143,1342.2,1342.4,1342.1,1342.4,1342.6,1342.8,1342.5,1342.8
201804202144,1342.4,1342.4,1342.1,1342.2,1342.8,1342.8,1342.5,1342.6
201804202145,1342.2,1342.2,1341.7,1341.7,1342.6,1342.6,1342.1,1342.1
201804202146,1341.7,1341.7,1341,1341.2,1342.1,1342.1,1341.4,1341.6
201804202147,1341.1,1341.3,1340.9,1341.3,1341.5,1341.7,1341.3,1341.7
201804202148,1341.3,1341.5,1341.2,1341.4,1341.7,1341.9,1341.6,1341.8
201804202149,1341.4,1341.6,1341.4,1341.5,1341.8,1342,1341.8,1341.9
201804202150,1341.5,1341.5,1341.1,1341.1,1341.9,1341.9,1341.5,1341.5
201804202151,1341.2,1341.2,1340.9,1341.2,1341.6,1341.6,1341.3,1341.6
201804202152,1341.2,1341.4,1341,1341.4,1341.6,1341.8,1341.4,1341.8
201804202153,1341.4,1341.5,1341.3,1341.5,1341.8,1341.9,1341.7,1341.9
201804202154,1341.5,1341.7,1341.4,1341.7,1341.9,1342.1,1341.8,1342.1
201804202155,1341.7,1341.7,1341.5,1341.6,1342.1,1342.1,1341.9,1342
201804202156,1341.6,1341.6,1341.2,1341.2,1342,1342,1341.6,1341.6
201804202157,1341.2,1341.3,1340.7,1340.8,1341.6,1341.7,1341.1,1341.2
201804202158,1340.8,1340.8,1340.1,1340.4,1341.2,1341.2,1340.5,1340.8
201804202159,1340.4,1340.5,1339.2,1339.3,1340.8,1340.9,1339.6,1339.7
201804202200,1339.3,1339.5,1338.7,1338.8,1339.7,1339.9,1339.1,1339.2
201804202201,1338.8,1339.8,1338.7,1339.8,1339.2,1340.2,1339.1,1340.2
201804202202,1339.8,1340.4,1339.3,1339.8,1340.2,1340.8,1339.7,1340.2
201804202203,1339.9,1340.1,1339.7,1340.1,1340.3,1340.5,1340.1,1340.5
201804202204,1340.1,1340.1,1339.7,1339.9,1340.5,1340.5,1340.1,1340.3
201804202205,1339.9,1339.9,1339.6,1339.8,1340.3,1340.3,1340,1340.2
201804202206,1339.7,1340,1339.3,1340,1340.1,1340.4,1339.7,1340.4
201804202207,1340,1340.3,1339.9,1340.3,1340.4,1340.7,1340.3,1340.7
201804202208,1340.3,1340.3,1340.1,1340.2,1340.7,1340.7,1340.5,1340.6
201804202209,1340.2,1340.5,1340.2,1340.4,1340.6,1340.9,1340.6,1340.8
201804202210,1340.4,1340.4,1339.7,1339.8,1340.8,1340.8,1340.1,1340.2
201804202211,1339.8,1339.9,1339.6,1339.8,1340.2,1340.3,1340,1340.2
201804202212,1339.8,1340,1339.7,1339.8,1340.2,1340.4,1340.1,1340.2
201804202213,1339.8,1340,1339.5,1339.7,1340.2,1340.4,1339.9,1340.1
201804202214,1339.7,1339.9,1339.5,1339.6,1340.1,1340.3,1339.9,1340
201804202215,1339.6,1340.2,1339.5,1340.2,1340,1340.6,1339.9,1340.6
201804202216,1340.2,1340.2,1339.7,1339.8,1340.6,1340.6,1340.1,1340.2
201804202217,1339.8,1340,1339.7,1340,1340.2,1340.4,1340.1,1340.4
201804202218,1340,1340,1339.3,1339.4,1340.4,1340.4,1339.7,1339.8
201804202219,1339.4,1339.5,1338.9,1339.5,1339.8,1339.9,1339.3,1339.9
201804202220,1339.6,1339.9,1339.6,1339.6,1340,1340.3,1340,1340
201804202221,1339.6,1339.8,1339.5,1339.6,1340,1340.2,1339.9,1340
201804202222,1339.6,1339.8,1339.2,1339.5,1340,1340.2,1339.6,1339.9
201804202223,1339.5,1339.6,1339.3,1339.3,1339.9,1340,1339.7,1339.7
201804202224,1339.3,1339.4,1337.3,1337.6,1339.7,1339.8,1337.7,1338
201804202225,1337.6,1338.3,1337.3,1337.6,1338,1338.7,1337.7,1338
201804202226,1337.5,1337.8,1336.7,1336.7,1337.9,1338.2,1337.1,1337.1
201804202227,1336.7,1337.4,1336.6,1337,1337.1,1337.8,1337,1337.4
201804202228,1337,1337.3,1337,1337.2,1337.4,1337.7,1337.4,1337.6
201804202229,1337.2,1337.2,1336.1,1336.2,1337.6,1337.6,1336.5,1336.6
201804202230,1336.2,1337.6,1336.1,1337.3,1336.6,1338,1336.5,1337.7
201804202231,1337.4,1337.5,1336.7,1337.3,1337.8,1337.9,1337.1,1337.7
201804202232,1337.3,1337.4,1337,1337.3,1337.7,1337.8,1337.4,1337.7
201804202233,1337.3,1337.4,1336.9,1337.4,1337.7,1337.8,1337.3,1337.8
201804202234,1337.4,1337.5,1337,1337,1337.8,1337.9,1337.4,1337.4
201804202235,1337,1337.1,1336.8,1336.8,1337.4,1337.5,1337.2,1337.2
201804202236,1336.8,1337.1,1336.8,1337,1337.2,1337.5,1337.2,1337.4
201804202237,1337,1337.2,1336.9,1336.9,1337.4,1337.6,1337.3,1337.3
201804202238,1336.9,1336.9,1336.5,1336.8,1337.3,1337.3,1336.9,1337.2
201804202239,1336.8,1336.8,1336.4,1336.4,1337.2,1337.2,1336.8,1336.8
201804202240,1336.4,1336.7,1336.2,1336.6,1336.8,1337.1,1336.6,1337
201804202241,1336.6,1336.7,1336.5,1336.7,1337,1337.1,1336.9,1337.1
201804202242,1336.7,1337.4,1336.7,1337,1337.1,1337.8,1337.1,1337.4
201804202243,1337,1337.2,1337,1337.1,1337.4,1337.6,1337.4,1337.5
201804202244,1337.1,1337.1,1336.6,1336.8,1337.5,1337.5,1337,1337.2
201804202245,1336.8,1336.9,1336.4,1336.4,1337.2,1337.3,1336.8,1336.8
201804202246,1336.4,1336.5,1336.3,1336.4,1336.8,1336.9,1336.7,1336.8
201804202247,1336.4,1336.6,1336,1336.2,1336.8,1337,1336.4,1336.6
201804202248,1336.3,1336.5,1336.1,1336.3,1336.7,1336.9,1336.5,1336.7
201804202249,1336.3,1336.3,1335.9,1336,1336.7,1336.7,1336.3,1336.4
201804202250,1336,1337.1,1336,1337,1336.4,1337.5,1336.4,1337.4
201804202251,1337,1337.4,1336.9,1337.4,1337.4,1337.8,1337.3,1337.8
201804202252,1337.4,1337.6,1337.3,1337.4,1337.8,1338,1337.7,1337.8
201804202253,1337.4,1337.4,1336.8,1336.8,1337.8,1337.8,1337.2,1337.2
201804202254,1336.8,1337,1336.8,1336.8,1337.2,1337.4,1337.2,1337.2
201804202255,1336.8,1337,1336.7,1336.7,1337.2,1337.4,1337.1,1337.1
201804202256,1336.7,1336.8,1336.4,1336.6,1337.1,1337.2,1336.8,1337
201804202257,1336.6,1336.8,1336.2,1336.4,1337,1337.2,1336.6,1336.8
201804202258,1336.4,1336.6,1336.4,1336.5,1336.8,1337,1336.8,1336.9
201804202259,1336.5,1336.7,1336.3,1336.6,1336.9,1337.1,1336.7,1337
201804202300,1336.6,1337,1336.3,1336.4,1337,1337.4,1336.7,1336.8
201804202301,1336.3,1336.9,1336.2,1336.7,1336.7,1337.3,1336.6,1337.1
201804202302,1336.8,1336.8,1336.3,1336.6,1337.2,1337.2,1336.7,1337
201804202303,1336.6,1337.1,1336.5,1337.1,1337,1337.5,1336.9,1337.5
201804202304,1337.1,1337.2,1336.9,1337.1,1337.5,1337.6,1337.3,1337.5
201804202305,1337.1,1337.3,1336.8,1337,1337.5,1337.7,1337.2,1337.4
201804202306,1337,1337.4,1337,1337.3,1337.4,1337.8,1337.4,1337.7
201804202307,1337.3,1337.4,1337,1337.2,1337.7,1337.8,1337.4,1337.6
201804202308,1337.2,1337.2,1337,1337,1337.6,1337.6,1337.4,1337.4
201804202309,1337,1337.2,1336.8,1337.2,1337.4,1337.6,1337.2,1337.6
201804202310,1337.2,1337.2,1336.9,1337,1337.6,1337.6,1337.3,1337.4
201804202311,1337,1337.2,1336.9,1337.1,1337.4,1337.6,1337.3,1337.5
201804202312,1337.1,1337.1,1336.4,1336.5,1337.5,1337.5,1336.8,1336.9
201804202313,1336.5,1336.5,1336,1336,1336.9,1336.9,1336.4,1336.4
201804202314,1336,1336.3,1336,1336,1336.4,1336.7,1336.4,1336.4
201804202315,1336.1,1336.4,1336,1336.3,1336.5,1336.8,1336.4,1336.7
201804202316,1336.3,1336.3,1335.9,1335.9,1336.7,1336.7,1336.3,1336.3
201804202317,1335.9,1336,1335.7,1335.8,1336.3,1336.4,1336.1,1336.2
201804202318,1335.8,1336.2,1335.7,1336.2,1336.2,1336.6,1336.1,1336.6
201804202319,1336.2,1336.3,1335.8,1336.2,1336.6,1336.7,1336.2,1336.6
201804202320,1336.2,1336.4,1336.1,1336.2,1336.6,1336.8,1336.5,1336.6
201804202321,1336.2,1336.2,1335.8,1336,1336.6,1336.6,1336.2,1336.4
201804202322,1336,1336.4,1336,1336.4,1336.4,1336.8,1336.4,1336.8
201804202323,1336.4,1336.4,1336.2,1336.2,1336.8,1336.8,1336.6,1336.6
201804202324,1336.2,1336.2,1335.9,1336.1,1336.6,1336.6,1336.3,1336.5
201804202325,1336.1,1336.2,1335.7,1336.2,1336.5,1336.6,1336.1,1336.6
201804202326,1336.2,1337.2,1336,1336,1336.6,1337.6,1336.4,1336.4
201804202327,1336,1336,1335.2,1335.4,1336.4,1336.4,1335.6,1335.8
201804202328,1335.4,1335.5,1334.9,1335,1335.8,1335.9,1335.3,1335.4
201804202329,1335,1335.3,1335,1335.2,1335.4,1335.7,1335.4,1335.6
201804202330,1335.2,1335.3,1334.9,1335.2,1335.6,1335.7,1335.3,1335.6
201804202331,1335.2,1335.4,1335.1,1335.4,1335.6,1335.8,1335.5,1335.8
201804202332,1335.4,1335.5,1335,1335.3,1335.8,1335.9,1335.4,1335.7
201804202333,1335.3,1335.7,1335,1335,1335.7,1336.1,1335.4,1335.4
201804202334,1335.1,1335.4,1335,1335.4,1335.5,1335.8,1335.4,1335.8
201804202335,1335.4,1335.4,1335.1,1335.2,1335.8,1335.8,1335.5,1335.6
201804202336,1335.2,1335.6,1335.1,1335.6,1335.6,1336,1335.5,1336
201804202337,1335.6,1335.8,1335.3,1335.8,1336,1336.2,1335.7,1336.2
201804202338,1335.8,1335.9,1335.6,1335.8,1336.2,1336.3,1336,1336.2
201804202339,1335.8,1335.8,1335.5,1335.6,1336.2,1336.2,1335.9,1336
201804202340,1335.6,1335.9,1335.6,1335.7,1336,1336.3,1336,1336.1
201804202341,1335.7,1335.8,1335.6,1335.7,1336.1,1336.2,1336,1336.1
201804202342,1335.7,1335.8,1335.4,1335.5,1336.1,1336.2,1335.8,1335.9
201804202343,1335.5,1335.5,1335.2,1335.3,1335.9,1335.9,1335.6,1335.7
201804202344,1335.3,1335.4,1335.1,1335.3,1335.7,1335.8,1335.5,1335.7
201804202345,1335.2,1335.3,1335.1,1335.3,1335.6,1335.7,1335.5,1335.7
201804202346,1335.4,1335.8,1335.2,1335.8,1335.8,1336.2,1335.6,1336.2
201804202347,1335.9,1336.1,1335.6,1335.8,1336.3,1336.5,1336,1336.2
201804202348,1335.8,1336,1335.8,1335.8,1336.2,1336.4,1336.2,1336.2
201804202349,1335.8,1335.9,1335.6,1335.7,1336.2,1336.3,1336,1336.1
201804202350,1335.7,1335.7,1334.9,1335.2,1336.1,1336.1,1335.3,1335.6
201804202351,1335.2,1335.9,1335,1335.9,1335.6,1336.3,1335.4,1336.3
201804202352,1335.9,1335.9,1335.4,1335.7,1336.3,1336.3,1335.8,1336.1
201804202353,1335.7,1335.8,1335.4,1335.5,1336.1,1336.2,1335.8,1335.9
201804202354,1335.5,1335.8,1335.4,1335.6,1335.9,1336.2,1335.8,1336
201804202355,1335.6,1336.2,1335.5,1336.2,1336,1336.6,1335.9,1336.6
201804202356,1336.2,1337,1336.2,1337,1336.6,1337.4,1336.6,1337.4
201804202357,1336.9,1337.3,1336.7,1337,1337.3,1337.7,1337.1,1337.4
201804202358,1337,1337.5,1337,1337.5,1337.4,1337.9,1337.4,1337.9
201804202359,1337.5,1337.5,1337.1,1337.4,1337.9,1337.9,1337.5,1337.8
201804210000,1337.4,1338.1,1337.4,1338.1,1337.8,1338.5,1337.8,1338.5
201804210001,1338.1,1338.3,1337.8,1338.3,1338.5,1338.7,1338.2,1338.7
201804210002,1338.3,1338.5,1338.2,1338.2,1338.7,1338.9,1338.6,1338.6
201804210003,1338.2,1338.6,1338.2,1338.3,1338.6,1339,1338.6,1338.7
201804210004,1338.2,1338.7,1338.1,1338.4,1338.6,1339.1,1338.5,1338.8
201804210005,1338.4,1338.6,1337.8,1337.8,1338.8,1339,1338.2,1338.2
201804210006,1337.8,1338.3,1337.8,1338.2,1338.2,1338.7,1338.2,1338.6
201804210007,1338.2,1338.7,1338.2,1338.4,1338.6,1339.1,1338.6,1338.8
201804210008,1338.4,1338.4,1338,1338.1,1338.8,1338.8,1338.4,1338.5
201804210009,1338.1,1338.3,1337.9,1338,1338.5,1338.7,1338.3,1338.4
201804210010,1338,1338.3,1337.9,1338.1,1338.4,1338.7,1338.3,1338.5
201804210011,1338.1,1338.3,1337.8,1338.2,1338.5,1338.7,1338.2,1338.6
201804210012,1338.2,1338.7,1337.8,1338.7,1338.6,1339.1,1338.2,1339.1
201804210013,1338.7,1338.7,1338.2,1338.4,1339.1,1339.1,1338.6,1338.8
201804210014,1338.4,1338.5,1338.1,1338.3,1338.8,1338.9,1338.5,1338.7
201804210015,1338.2,1338.6,1338.1,1338.3,1338.6,1339,1338.5,1338.7
201804210016,1338.3,1338.4,1338.2,1338.3,1338.7,1338.8,1338.6,1338.7
201804210017,1338.3,1338.3,1337.9,1338.2,1338.7,1338.7,1338.3,1338.6
201804210018,1338.2,1338.2,1337.9,1337.9,1338.6,1338.6,1338.3,1338.3
201804210019,1337.9,1338,1337.5,1337.5,1338.3,1338.4,1337.9,1337.9
201804210020,1337.5,1337.6,1337.3,1337.3,1337.9,1338,1337.7,1337.7
201804210021,1337.3,1337.5,1337.2,1337.3,1337.7,1337.9,1337.6,1337.7
201804210022,1337.3,1337.8,1337.3,1337.8,1337.7,1338.2,1337.7,1338.2
201804210023,1337.8,1338,1337.6,1338,1338.2,1338.4,1338,1338.4
201804210024,1338,1338.3,1337.9,1338.2,1338.4,1338.7,1338.3,1338.6
201804210025,1338.2,1338.5,1338.1,1338.5,1338.6,1338.9,1338.5,1338.9
201804210026,1338.5,1338.7,1338.3,1338.3,1338.9,1339.1,1338.7,1338.7
201804210027,1338.4,1338.6,1338.3,1338.4,1338.8,1339,1338.7,1338.8
201804210028,1338.4,1338.7,1338.3,1338.7,1338.8,1339.1,1338.7,1339.1
201804210029,1338.7,1338.9,1338.6,1338.9,1339.1,1339.3,1339,1339.3
201804210030,1338.9,1339.2,1338.6,1338.7,1339.3,1339.6,1339,1339.1
201804210031,1338.8,1339,1338.7,1338.8,1339.2,1339.4,1339.1,1339.2
201804210032,1338.8,1338.8,1338.4,1338.7,1339.2,1339.2,1338.8,1339.1
201804210033,1338.7,1338.7,1338.4,1338.4,1339.1,1339.1,1338.8,1338.8
201804210034,1338.4,1338.4,1338.2,1338.2,1338.8,1338.8,1338.6,1338.6
201804210035,1338.2,1338.2,1337.8,1338,1338.6,1338.6,1338.2,1338.4
201804210036,1338,1338.2,1337.8,1337.9,1338.4,1338.6,1338.2,1338.3
201804210037,1337.9,1337.9,1337.7,1337.8,1338.3,1338.3,1338.1,1338.2
201804210038,1337.8,1338,1337.8,1337.8,1338.2,1338.4,1338.2,1338.2
201804210039,1337.8,1337.8,1337.5,1337.5,1338.2,1338.2,1337.9,1337.9
201804210040,1337.5,1337.9,1337.5,1337.9,1337.9,1338.3,1337.9,1338.3
201804210041,1337.9,1337.9,1337.4,1337.5,1338.3,1338.3,1337.8,1337.9
201804210042,1337.5,1337.5,1337.4,1337.4,1337.9,1337.9,1337.8,1337.8
201804210043,1337.4,1337.5,1337.2,1337.4,1337.8,1337.9,1337.6,1337.8
201804210044,1337.4,1337.9,1337.4,1337.8,1337.8,1338.3,1337.8,1338.2
201804210045,1337.8,1338.1,1337.6,1337.9,1338.2,1338.5,1338,1338.3
201804210046,1338,1338,1337.7,1337.9,1338.4,1338.4,1338.1,1338.3
201804210047,1337.9,1338,1337.6,1337.9,1338.3,1338.4,1338,1338.3
201804210048,1338,1338,1337.8,1337.9,1338.4,1338.4,1338.2,1338.3
201804210049,1337.9,1338.5,1337.9,1338.2,1338.3,1338.9,1338.3,1338.6
201804210050,1338.2,1338.3,1338,1338.2,1338.6,1338.7,1338.4,1338.6
201804210051,1338.2,1338.4,1338.2,1338.2,1338.6,1338.8,1338.6,1338.6
201804210052,1338.2,1338.3,1338.1,1338.1,1338.6,1338.7,1338.5,1338.5
201804210053,1338.1,1338.5,1338,1338.4,1338.5,1338.9,1338.4,1338.8
201804210054,1338.4,1338.5,1338.3,1338.4,1338.8,1338.9,1338.7,1338.8
201804210055,1338.4,1338.6,1338.3,1338.5,1338.8,1339,1338.7,1338.9
201804210056,1338.5,1338.6,1338.4,1338.5,1338.9,1339,1338.8,1338.9
201804210057,1338.6,1338.6,1338.2,1338.3,1339,1339,1338.6,1338.7
201804210058,1338.3,1338.3,1338.1,1338.1,1338.7,1338.7,1338.5,1338.5
201804210059,1338.1,1338.1,1337.9,1337.9,1338.5,1338.5,1338.3,1338.3
201804210100,1337.9,1338.1,1337.9,1338,1338.3,1338.5,1338.3,1338.4
201804210101,1338,1338.4,1338,1338.1,1338.4,1338.8,1338.4,1338.5
201804210102,1338.1,1338.2,1338,1338.1,1338.5,1338.6,1338.4,1338.5
201804210103,1338.1,1338.2,1337.9,1338.2,1338.5,1338.6,1338.3,1338.6
201804210104,1338.2,1338.2,1337.9,1338.2,1338.6,1338.6,1338.3,1338.6
201804210105,1338.2,1338.2,1337.9,1338,1338.6,1338.6,1338.3,1338.4
201804210106,1338,1338.5,1338,1338.3,1338.4,1338.9,1338.4,1338.7
201804210107,1338.3,1338.3,1338.2,1338.2,1338.7,1338.7,1338.6,1338.6
201804210108,1338.2,1338.6,1338.2,1338.6,1338.6,1339,1338.6,1339
201804210109,1338.6,1338.7,1338.5,1338.6,1339,1339.1,1338.9,1339
201804210110,1338.6,1338.6,1338.2,1338.3,1339,1339,1338.6,1338.7
201804210111,1338.3,1338.3,1338.1,1338.2,1338.7,1338.7,1338.5,1338.6
201804210112,1338.3,1338.4,1338.2,1338.3,1338.7,1338.8,1338.6,1338.7
201804210113,1338.3,1338.3,1338.2,1338.3,1338.7,1338.7,1338.6,1338.7
201804210114,1338.3,1338.3,1338.1,1338.3,1338.7,1338.7,1338.5,1338.7
201804210115,1338.3,1338.4,1338.1,1338.2,1338.7,1338.8,1338.5,1338.6
201804210116,1338.2,1338.2,1338,1338,1338.6,1338.6,1338.4,1338.4
201804210117,1338,1338,1337.8,1337.8,1338.4,1338.4,1338.2,1338.2
201804210118,1337.8,1338,1337.8,1338,1338.2,1338.4,1338.2,1338.4
201804210119,1338,1338,1337.8,1337.8,1338.4,1338.4,1338.2,1338.2
201804210120,1337.8,1337.9,1337.7,1337.7,1338.2,1338.3,1338.1,1338.1
201804210121,1337.7,1338.3,1337.7,1338.2,1338.1,1338.7,1338.1,1338.6
201804210122,1338.2,1338.5,1338.1,1338.4,1338.6,1338.9,1338.5,1338.8
201804210123,1338.4,1338.4,1337.8,1337.8,1338.8,1338.8,1338.2,1338.2
201804210124,1337.8,1337.8,1337.4,1337.4,1338.2,1338.2,1337.8,1337.8
201804210125,1337.4,1337.6,1337.2,1337.2,1337.8,1338,1337.6,1337.6
201804210126,1337.3,1337.5,1337.2,1337.2,1337.7,1337.9,1337.6,1337.6
201804210127,1337.2,1337.3,1337,1337,1337.6,1337.7,1337.4,1337.4
201804210128,1337,1337.2,1337,1337.2,1337.4,1337.6,1337.4,1337.6
201804210129,1337.2,1337.3,1337.1,1337.3,1337.6,1337.7,1337.5,1337.7
201804210130,1337.3,1337.6,1337.2,1337.5,1337.7,1338,1337.6,1337.9
201804210131,1337.5,1337.6,1337.4,1337.5,1337.9,1338,1337.8,1337.9
201804210132,1337.5,1337.5,1336.8,1336.8,1337.9,1337.9,1337.2,1337.2
201804210133,1336.8,1337,1336.8,1336.8,1337.2,1337.4,1337.2,1337.2
201804210134,1336.8,1336.8,1336.4,1336.7,1337.2,1337.2,1336.8,1337.1
201804210135,1336.7,1336.8,1336.5,1336.5,1337.1,1337.2,1336.9,1336.9
201804210136,1336.5,1336.7,1336.4,1336.7,1336.9,1337.1,1336.8,1337.1
201804210137,1336.6,1336.8,1336.5,1336.5,1337,1337.2,1336.9,1336.9
201804210138,1336.5,1336.7,1336.4,1336.5,1336.9,1337.1,1336.8,1336.9
201804210139,1336.5,1336.8,1336.3,1336.8,1336.9,1337.2,1336.7,1337.2
201804210140,1336.8,1336.8,1336.6,1336.6,1337.2,1337.2,1337,1337
201804210141,1336.6,1336.6,1336.4,1336.6,1337,1337,1336.8,1337
201804210142,1336.6,1337.1,1336.6,1336.9,1337,1337.5,1337,1337.3
201804210143,1336.9,1337.1,1336.7,1336.9,1337.3,1337.5,1337.1,1337.3
201804210144,1336.9,1337.1,1336.9,1336.9,1337.3,1337.5,1337.3,1337.3
201804210145,1336.9,1337,1336.8,1336.9,1337.3,1337.4,1337.2,1337.3
201804210146,1336.9,1337,1336.9,1337,1337.3,1337.4,1337.3,1337.4
201804210147,1337,1337.1,1336.8,1336.8,1337.4,1337.5,1337.2,1337.2
201804210148,1336.8,1337.1,1336.8,1337,1337.2,1337.5,1337.2,1337.4
201804210149,1337,1337.6,1337,1337.3,1337.4,1338,1337.4,1337.7
201804210150,1337.3,1337.5,1337.2,1337.5,1337.7,1337.9,1337.6,1337.9
201804210151,1337.5,1337.5,1337,1337.3,1337.9,1337.9,1337.4,1337.7
201804210152,1337.3,1337.3,1337.1,1337.2,1337.7,1337.7,1337.5,1337.6
201804210153,1337.2,1337.2,1337,1337.1,1337.6,1337.6,1337.4,1337.5
201804210154,1337.1,1337.3,1336.9,1337.3,1337.5,1337.7,1337.3,1337.7
201804210155,1337.3,1337.5,1337.1,1337.5,1337.7,1337.9,1337.5,1337.9
201804210156,1337.5,1337.9,1337.4,1337.8,1337.9,1338.3,1337.8,1338.2
201804210157,1337.8,1338.2,1337.7,1337.8,1338.2,1338.6,1338.1,1338.2
201804210158,1337.8,1337.8,1337.4,1337.4,1338.2,1338.2,1337.8,1337.8
201804210159,1337.4,1337.7,1337.4,1337.7,1337.8,1338.1,1337.8,1338.1
201804210200,1337.6,1337.8,1337.2,1337.3,1338,1338.2,1337.6,1337.7
201804210201,1337.3,1337.4,1337.1,1337.1,1337.7,1337.8,1337.5,1337.5
201804210202,1337.1,1337.3,1337,1337.3,1337.5,1337.7,1337.4,1337.7
201804210203,1337.3,1337.3,1337.2,1337.2,1337.7,1337.7,1337.6,1337.6
201804210204,1337.2,1337.3,1337,1337.1,1337.6,1337.7,1337.4,1337.5
201804210205,1337.1,1337.1,1336.9,1337,1337.5,1337.5,1337.3,1337.4
201804210206,1337,1337,1336.9,1336.9,1337.4,1337.4,1337.3,1337.3
201804210207,1336.9,1337,1336.7,1336.8,1337.3,1337.4,1337.1,1337.2
201804210208,1336.8,1336.8,1336.6,1336.6,1337.2,1337.2,1337,1337
201804210209,1336.6,1336.9,1336.6,1336.8,1337,1337.3,1337,1337.2
201804210210,1336.8,1336.9,1336.6,1336.7,1337.2,1337.3,1337,1337.1
201804210211,1336.7,1336.8,1336.6,1336.7,1337.1,1337.2,1337,1337.1
201804210212,1336.7,1336.8,1336.7,1336.8,1337.1,1337.2,1337.1,1337.2
201804210213,1336.8,1336.9,1336.7,1336.7,1337.2,1337.3,1337.1,1337.1
201804210214,1336.7,1336.7,1336.5,1336.5,1337.1,1337.1,1336.9,1336.9
201804210215,1336.5,1336.7,1336.4,1336.7,1336.9,1337.1,1336.8,1337.1
201804210216,1336.7,1336.7,1336.5,1336.5,1337.1,1337.1,1336.9,1336.9
201804210217,1336.5,1336.9,1336.5,1336.8,1336.9,1337.3,1336.9,1337.2
201804210218,1336.8,1336.8,1336.6,1336.6,1337.2,1337.2,1337,1337
201804210219,1336.6,1336.8,1336.6,1336.7,1337,1337.2,1337,1337.1
201804210220,1336.8,1336.8,1336.4,1336.6,1337.2,1337.2,1336.8,1337
201804210221,1336.6,1336.6,1336.5,1336.6,1337,1337,1336.9,1337
201804210222,1336.6,1336.8,1336.6,1336.6,1337,1337.2,1337,1337
201804210223,1336.6,1336.8,1336.6,1336.7,1337,1337.2,1337,1337.1
201804210224,1336.7,1336.9,1336.5,1336.5,1337.1,1337.3,1336.9,1336.9
201804210225,1336.5,1336.5,1336.2,1336.3,1336.9,1336.9,1336.6,1336.7
201804210226,1336.3,1336.3,1336.2,1336.2,1336.7,1336.7,1336.6,1336.6
201804210227,1336.1,1336.6,1336,1336.2,1336.5,1337,1336.4,1336.6
201804210228,1336.2,1336.2,1335.8,1335.9,1336.6,1336.6,1336.2,1336.3
201804210229,1335.9,1336.4,1335.9,1336.3,1336.3,1336.8,1336.3,1336.7
201804210230,1336.3,1336.9,1336.3,1336.9,1336.7,1337.3,1336.7,1337.3
201804210231,1336.9,1336.9,1336.7,1336.7,1337.3,1337.3,1337.1,1337.1
201804210232,1336.7,1336.8,1336.6,1336.6,1337.1,1337.2,1337,1337
201804210233,1336.6,1336.6,1336.5,1336.5,1337,1337,1336.9,1336.9
201804210234,1336.5,1336.7,1336.5,1336.7,1336.9,1337.1,1336.9,1337.1
201804210235,1336.7,1336.9,1336.7,1336.9,1337.1,1337.3,1337.1,1337.3
201804210236,1336.9,1336.9,1336.8,1336.8,1337.3,1337.3,1337.2,1337.2
201804210237,1336.8,1336.8,1336.7,1336.8,1337.2,1337.2,1337.1,1337.2
201804210238,1336.8,1336.9,1336.7,1336.8,1337.2,1337.3,1337.1,1337.2
201804210239,1336.8,1337,1336.7,1337,1337.2,1337.4,1337.1,1337.4
201804210240,1337,1337.2,1337,1337.2,1337.4,1337.6,1337.4,1337.6
201804210241,1337.2,1337.3,1337.2,1337.3,1337.6,1337.7,1337.6,1337.7
201804210242,1337.3,1337.3,1337,1337,1337.7,1337.7,1337.4,1337.4
201804210243,1337,1337,1337,1337,1337.4,1337.4,1337.4,1337.4
201804210244,1337,1337.2,1337,1337.1,1337.4,1337.6,1337.4,1337.5
201804210245,1337.1,1337.3,1337.1,1337.2,1337.5,1337.7,1337.5,1337.6
201804210246,1337.2,1337.3,1337.2,1337.3,1337.6,1337.7,1337.6,1337.7
201804210247,1337.3,1337.4,1337.2,1337.3,1337.7,1337.8,1337.6,1337.7
201804210248,1337.3,1337.4,1337.3,1337.3,1337.7,1337.8,1337.7,1337.7
201804210249,1337.3,1337.3,1337.3,1337.3,1337.7,1337.7,1337.7,1337.7
201804210250,1337.3,1337.4,1337.2,1337.4,1337.7,1337.8,1337.6,1337.8
201804210251,1337.4,1337.4,1337.2,1337.2,1337.8,1337.8,1337.6,1337.6
201804210252,1337.2,1337.4,1337.2,1337.3,1337.6,1337.8,1337.6,1337.7
201804210253,1337.3,1337.3,1337.1,1337.3,1337.7,1337.7,1337.5,1337.7
201804210254,1337.3,1337.3,1337.2,1337.2,1337.7,1337.7,1337.6,1337.6
201804210255,1337.2,1337.3,1337.1,1337.3,1337.6,1337.7,1337.5,1337.7
201804210256,1337.2,1337.2,1337,1337.1,1337.6,1337.6,1337.4,1337.5
201804210257,1337.1,1337.2,1337,1337,1337.5,1337.6,1337.4,1337.4
201804210258,1337,1337,1336.9,1337,1337.4,1337.4,1337.3,1337.4
201804210259,1337,1337,1336.7,1336.9,1337.4,1337.4,1337.1,1337.3
201804210300,1336.9,1336.9,1336.7,1336.8,1337.3,1337.3,1337.1,1337.2
201804210301,1336.8,1336.9,1336.8,1336.8,1337.2,1337.3,1337.2,1337.2
201804210302,1336.8,1337,1336.8,1336.9,1337.2,1337.4,1337.2,1337.3
201804210303,1336.9,1337.1,1336.9,1337,1337.3,1337.5,1337.3,1337.4
201804210304,1337,1337.1,1337,1337.1,1337.4,1337.5,1337.4,1337.5
201804210305,1337.1,1337.1,1336.8,1336.9,1337.5,1337.5,1337.2,1337.3
201804210306,1336.9,1337,1336.9,1337,1337.3,1337.4,1337.3,1337.4
201804210307,1337,1337.1,1336.9,1337.1,1337.4,1337.5,1337.3,1337.5
201804210308,1337.1,1337.2,1337,1337.2,1337.5,1337.6,1337.4,1337.6
201804210309,1337.2,1337.2,1337,1337.1,1337.6,1337.6,1337.4,1337.5
201804210310,1337.1,1337.2,1337.1,1337.1,1337.5,1337.6,1337.5,1337.5
201804210311,1337.1,1337.1,1337,1337.1,1337.5,1337.5,1337.4,1337.5
201804210312,1337.1,1337.2,1337.1,1337.2,1337.5,1337.6,1337.5,1337.6
201804210313,1337.2,1337.2,1337.1,1337.1,1337.6,1337.6,1337.5,1337.5
201804210314,1337.1,1337.1,1336.8,1336.9,1337.5,1337.5,1337.2,1337.3
201804210315,1336.9,1337,1336.8,1336.9,1337.3,1337.4,1337.2,1337.3
201804210316,1336.9,1336.9,1336.8,1336.9,1337.3,1337.3,1337.2,1337.3
201804210317,1336.9,1336.9,1336.8,1336.8,1337.3,1337.3,1337.2,1337.2
201804210318,1336.8,1336.8,1336.5,1336.6,1337.2,1337.2,1336.9,1337
201804210319,1336.6,1336.7,1336.6,1336.6,1337,1337.1,1337,1337
201804210320,1336.6,1336.7,1336.4,1336.4,1337,1337.1,1336.8,1336.8
201804210321,1336.4,1336.4,1336.4,1336.4,1336.8,1336.8,1336.8,1336.8
201804210322,1336.4,1336.4,1336.3,1336.3,1336.8,1336.8,1336.7,1336.7
201804210323,1336.3,1336.3,1336.2,1336.2,1336.7,1336.7,1336.6,1336.6
201804210324,1336.2,1336.2,1336.2,1336.2,1336.6,1336.6,1336.6,1336.6
201804210325,1336.2,1336.2,1336.1,1336.1,1336.6,1336.6,1336.5,1336.5
201804210326,1336.1,1336.2,1336,1336.2,1336.5,1336.6,1336.4,1336.6
201804210327,1336.2,1336.5,1336.2,1336.4,1336.6,1336.9,1336.6,1336.8
201804210328,1336.4,1336.4,1336.3,1336.3,1336.8,1336.8,1336.7,1336.7
201804210329,1336.3,1336.4,1336.1,1336.1,1336.7,1336.8,1336.5,1336.5
201804210330,1336.1,1336.2,1335.9,1335.9,1336.5,1336.6,1336.3,1336.3
201804210331,1335.9,1336.1,1335.9,1336,1336.3,1336.5,1336.3,1336.4
201804210332,1336,1336.1,1335.9,1335.9,1336.4,1336.5,1336.3,1336.3
201804210333,1335.9,1335.9,1335.8,1335.8,1336.3,1336.3,1336.2,1336.2
201804210334,1335.8,1335.9,1335.8,1335.8,1336.2,1336.3,1336.2,1336.2
201804210335,1335.8,1336,1335.8,1335.9,1336.2,1336.4,1336.2,1336.3
201804210336,1335.9,1336.1,1335.9,1336.1,1336.3,1336.5,1336.3,1336.5
201804210337,1336.1,1336.2,1336,1336.2,1336.5,1336.6,1336.4,1336.6
201804210338,1336.1,1336.1,1336.1,1336.1,1336.5,1336.5,1336.5,1336.5
201804210339,1336.1,1336.2,1336.1,1336.1,1336.5,1336.6,1336.5,1336.5
201804210340,1336.1,1336.1,1335.9,1335.9,1336.5,1336.5,1336.3,1336.3
201804210341,1335.9,1335.9,1335.9,1335.9,1336.3,1336.3,1336.3,1336.3
201804210342,1335.9,1335.9,1335.8,1335.8,1336.3,1336.3,1336.2,1336.2
201804210343,1335.8,1336.1,1335.8,1336.1,1336.2,1336.5,1336.2,1336.5
201804210344,1336.1,1336.4,1336.1,1336.4,1336.5,1336.8,1336.5,1336.8
201804210345,1336.4,1336.4,1336,1336,1336.8,1336.8,1336.4,1336.4
201804210346,1336,1336.2,1336,1336.2,1336.4,1336.6,1336.4,1336.6
201804210347,1336.2,1336.3,1336,1336,1336.6,1336.7,1336.4,1336.4
201804210348,1336,1336,1336,1336,1336.4,1336.4,1336.4,1336.4
201804210349,1336,1336,1336,1336,1336.4,1336.4,1336.4,1336.4
201804210350,1336,1336.1,1335.9,1335.9,1336.4,1336.5,1336.3,1336.3
201804210351,1335.9,1336.1,1335.9,1336.1,1336.3,1336.5,1336.3,1336.5
201804210352,1336.1,1336.1,1336,1336,1336.5,1336.5,1336.4,1336.4
201804210353,1336,1336.1,1336,1336.1,1336.4,1336.5,1336.4,1336.5
201804210354,1336.1,1336.1,1336,1336,1336.5,1336.5,1336.4,1336.4
201804210355,1336,1336,1336,1336,1336.4,1336.4,1336.4,1336.4
201804210356,1336,1336,1335.5,1335.5,1336.4,1336.4,1335.9,1335.9
201804210357,1335.5,1335.6,1335.3,1335.4,1335.9,1336,1335.7,1335.8
201804210358,1335.4,1335.5,1335.4,1335.5,1335.8,1335.9,1335.8,1335.9
201804210359,1335.5,1335.6,1335.4,1335.4,1335.9,1336,1335.8,1335.8
201804210400,1335.4,1335.5,1335.4,1335.4,1335.8,1335.9,1335.8,1335.8
201804210401,1335.4,1335.5,1335.3,1335.5,1335.8,1335.9,1335.7,1335.9
201804210402,1335.5,1335.5,1335.4,1335.5,1335.9,1335.9,1335.8,1335.9
201804210403,1335.5,1335.5,1335.4,1335.4,1335.9,1335.9,1335.8,1335.8
201804210404,1335.4,1335.6,1335.4,1335.5,1335.8,1336,1335.8,1335.9
201804210405,1335.5,1335.5,1335.2,1335.2,1335.9,1335.9,1335.6,1335.6
201804210406,1335.2,1335.3,1335.2,1335.2,1335.6,1335.7,1335.6,1335.6
201804210407,1335.2,1335.3,1335.1,1335.3,1335.6,1335.7,1335.5,1335.7
201804210408,1335.3,1335.4,1335.3,1335.4,1335.7,1335.8,1335.7,1335.8
201804210409,1335.4,1335.5,1335.3,1335.4,1335.8,1335.9,1335.7,1335.8
201804210410,1335.4,1335.4,1335.2,1335.2,1335.8,1335.8,1335.6,1335.6
201804210411,1335.2,1335.2,1335.1,1335.2,1335.6,1335.6,1335.5,1335.6
201804210412,1335.2,1335.2,1335.1,1335.2,1335.6,1335.6,1335.5,1335.6
201804210413,1335.2,1335.3,1335.2,1335.3,1335.6,1335.7,1335.6,1335.7
201804210414,1335.3,1335.3,1335.3,1335.3,1335.7,1335.7,1335.7,1335.7
201804210415,1335.3,1335.3,1335.2,1335.2,1335.7,1335.7,1335.6,1335.6
201804210416,1335.2,1335.5,1335.2,1335.3,1335.6,1335.9,1335.6,1335.7
201804210417,1335.3,1335.3,1335.1,1335.1,1335.7,1335.7,1335.5,1335.5
201804210418,1335.1,1335.1,1335.1,1335.1,1335.5,1335.5,1335.5,1335.5
201804210419,1335.1,1335.2,1335,1335.2,1335.5,1335.6,1335.4,1335.6
201804210420,1335.2,1335.2,1335,1335.1,1335.6,1335.6,1335.4,1335.5
201804210421,1335.1,1335.2,1335.1,1335.2,1335.5,1335.6,1335.5,1335.6
201804210422,1335.2,1335.3,1335.2,1335.3,1335.6,1335.7,1335.6,1335.7
201804210423,1335.3,1335.6,1335.3,1335.6,1335.7,1336,1335.7,1336
201804210424,1335.6,1335.6,1335.6,1335.6,1336,1336,1336,1336
201804210425,1335.6,1335.7,1335.5,1335.7,1336,1336.1,1335.9,1336.1
201804210426,1335.7,1335.7,1335.4,1335.4,1336.1,1336.1,1335.8,1335.8
201804210427,1335.4,1335.4,1335.2,1335.2,1335.8,1335.8,1335.6,1335.6
201804210428,1335.2,1335.4,1335.2,1335.3,1335.6,1335.8,1335.6,1335.7
201804210429,1335.3,1335.6,1335.3,1335.6,1335.7,1336,1335.7,1336
201804210430,1335.6,1335.7,1335.6,1335.7,1336,1336.1,1336,1336.1
201804210431,1335.7,1335.7,1335.7,1335.7,1336.1,1336.1,1336.1,1336.1
201804210432,1335.7,1335.8,1335.7,1335.8,1336.1,1336.2,1336.1,1336.2
201804210433,1335.8,1335.8,1335.6,1335.7,1336.2,1336.2,1336,1336.1
201804210434,1335.7,1335.8,1335.6,1335.6,1336.1,1336.2,1336,1336
201804210435,1335.7,1335.8,1335.7,1335.8,1336.1,1336.2,1336.1,1336.2
201804210436,1335.8,1335.8,1335.5,1335.5,1336.2,1336.2,1335.9,1335.9
201804210437,1335.5,1335.7,1335.4,1335.4,1335.9,1336.1,1335.8,1335.8
201804210438,1335.4,1335.4,1335.4,1335.4,1335.8,1335.8,1335.8,1335.8
201804210439,1335.4,1335.7,1335.3,1335.6,1335.8,1336.1,1335.7,1336
201804210440,1335.6,1335.6,1335.5,1335.6,1336,1336,1335.9,1336
201804210441,1335.6,1335.6,1335.3,1335.4,1336,1336,1335.7,1335.8
201804210442,1335.4,1335.4,1335.3,1335.3,1335.8,1335.8,1335.7,1335.7
201804210443,1335.3,1335.7,1335.3,1335.7,1335.7,1336.1,1335.7,1336.1
201804210444,1335.7,1335.8,1335.7,1335.7,1336.1,1336.2,1336.1,1336.1
201804210445,1335.7,1335.8,1335.6,1335.8,1336.1,1336.2,1336,1336.2
201804210446,1335.8,1335.8,1335.6,1335.6,1336.2,1336.2,1336,1336
201804210447,1335.6,1335.9,1335.6,1335.9,1336,1336.3,1336,1336.3
201804210448,1335.9,1335.9,1335.9,1335.9,1336.3,1336.3,1336.3,1336.3
201804210449,1335.9,1336,1335.9,1335.9,1336.3,1336.4,1336.3,1336.3
201804210450,1335.9,1335.9,1335.7,1335.7,1336.3,1336.3,1336.1,1336.1
201804210451,1335.7,1335.8,1335.7,1335.7,1336.1,1336.2,1336.1,1336.1
201804210452,1335.7,1335.8,1335.7,1335.7,1336.1,1336.2,1336.1,1336.1
201804210453,1335.7,1335.7,1335.7,1335.7,1336.1,1336.1,1336.1,1336.1
201804210454,1335.7,1336,1335.7,1335.9,1336.1,1336.4,1336.1,1336.3
201804210455,1335.9,1336,1335.9,1336,1336.3,1336.4,1336.3,1336.4
201804210456,1336,1336.1,1336,1336.1,1336.4,1336.5,1336.4,1336.5
201804210457,1336.1,1336.1,1336.1,1336.1,1336.5,1336.5,1336.5,1336.5
201804210458,1336,1336.1,1335.9,1336,1336.4,1336.5,1336.3,1336.4
201804210459,1336,1336,1335.4,1335.4,1336.4,1336.4,1335.8,1335.8
201804210500,1335.4,1336.1,1335.2,1336,1335.8,1336.5,1335.6,1336.4
201804210501,1336,1336,1335.8,1335.9,1336.4,1336.4,1336.2,1336.3
201804210502,1335.9,1335.9,1335.9,1335.9,1336.3,1336.3,1336.3,1336.3
201804210503,1335.9,1335.9,1335.8,1335.9,1336.3,1336.3,1336.2,1336.3
201804210504,1335.9,1336,1335.9,1335.9,1336.3,1336.4,1336.3,1336.3
201804210505,1335.9,1336.1,1335.9,1336.1,1336.3,1336.5,1336.3,1336.5
201804210506,1336.1,1336.1,1336,1336.1,1336.5,1336.5,1336.4,1336.5
201804210507,1336.1,1336.1,1336.1,1336.1,1336.5,1336.5,1336.5,1336.5
201804210508,1336.1,1336.1,1336,1336,1336.5,1336.5,1336.4,1336.4
201804210509,1336,1336,1336,1336,1336.4,1336.4,1336.4,1336.4
201804210510,1336,1336.1,1336,1336,1336.4,1336.5,1336.4,1336.4
201804210511,1336,1336,1336,1336,1336.4,1336.4,1336.4,1336.4
201804210512,1336,1336.1,1336,1336,1336.4,1336.5,1336.4,1336.4
201804210513,1336,1336,1335.9,1335.9,1336.4,1336.4,1336.3,1336.3
201804210514,1335.9,1336,1335.9,1335.9,1336.3,1336.4,1336.3,1336.3
201804210515,1335.9,1335.9,1335.8,1335.8,1336.3,1336.3,1336.2,1336.2
201804210516,1335.8,1335.8,1335.7,1335.7,1336.2,1336.2,1336.1,1336.1
201804210517,1335.7,1335.7,1335.7,1335.7,1336.1,1336.1,1336.1,1336.1
201804210518,1335.7,1335.9,1335.7,1335.9,1336.1,1336.3,1336.1,1336.3
201804210519,1335.9,1335.9,1335.8,1335.8,1336.3,1336.3,1336.2,1336.2
201804210520,1335.8,1335.8,1335.8,1335.8,1336.2,1336.2,1336.2,1336.2
201804210521,1335.8,1336,1335.8,1336,1336.2,1336.4,1336.2,1336.4
201804210522,1336,1336.1,1336,1336.1,1336.4,1336.5,1336.4,1336.5
201804210523,1336.1,1336.1,1336,1336.1,1336.5,1336.5,1336.4,1336.5
201804210524,1336.1,1336.2,1336.1,1336.2,1336.5,1336.6,1336.5,1336.6
201804210525,1336.2,1336.2,1336,1336,1336.6,1336.6,1336.4,1336.4
201804210526,1336,1336.1,1336,1336,1336.4,1336.5,1336.4,1336.4
201804210527,1336,1336,1336,1336,1336.4,1336.4,1336.4,1336.4
201804210528,1336,1336.1,1336,1336,1336.4,1336.5,1336.4,1336.4
201804210529,1336,1336.1,1336,1336.1,1336.4,1336.5,1336.4,1336.5
201804210530,1336.1,1336.1,1335.9,1335.9,1336.5,1336.5,1336.3,1336.3
201804210531,1335.9,1336,1335.9,1335.9,1336.3,1336.4,1336.3,1336.3
201804210532,1335.9,1336,1335.9,1335.9,1336.3,1336.4,1336.3,1336.4
201804210533,1335.9,1336,1335.9,1335.9,1336.4,1336.5,1336.4,1336.4
201804210534,1335.9,1335.9,1335.8,1335.9,1336.4,1336.4,1336.3,1336.4
201804210535,1335.9,1336,1335.9,1335.9,1336.4,1336.5,1336.4,1336.4
201804210536,1335.9,1336,1335.9,1335.9,1336.4,1336.5,1336.4,1336.4
201804210537,1335.9,1335.9,1335.9,1335.9,1336.4,1336.4,1336.4,1336.4
201804210538,1335.9,1336,1335.9,1336,1336.4,1336.5,1336.4,1336.5
201804210539,1336,1336,1336,1336,1336.5,1336.5,1336.5,1336.5
201804210540,1336,1336,1335.8,1335.8,1336.5,1336.5,1336.3,1336.3
201804210541,1335.8,1335.9,1335.8,1335.9,1336.3,1336.4,1336.3,1336.4
201804210542,1335.9,1335.9,1335.9,1335.9,1336.4,1336.5,1336.4,1336.5
201804210543,1335.9,1336,1335.9,1335.9,1336.5,1336.5,1336.4,1336.4
201804210544,1335.9,1335.9,1335.8,1335.9,1336.4,1336.4,1336.3,1336.4
201804210545,1335.9,1335.9,1335.8,1335.9,1336.4,1336.4,1336.3,1336.4
201804210546,1335.9,1335.9,1335.7,1335.9,1336.4,1336.4,1336.2,1336.4
201804210547,1335.9,1335.9,1335.8,1335.8,1336.4,1336.4,1336.2,1336.2
201804210548,1335.8,1335.8,1335.7,1335.8,1336.2,1336.2,1336.1,1336.2
201804210549,1335.8,1335.8,1335.7,1335.7,1336.2,1336.2,1336.1,1336.1
201804210550,1335.7,1335.7,1335.2,1335.4,1336.1,1336.1,1335.6,1335.8
201804210551,1335.4,1335.6,1335.3,1335.5,1335.8,1336,1335.7,1336
201804210552,1335.5,1335.5,1335.3,1335.3,1336,1336,1335.8,1335.8
201804210553,1335.3,1335.4,1335.3,1335.4,1335.8,1335.9,1335.7,1335.9
201804210554,1335.5,1335.6,1335.4,1335.6,1336,1336.1,1335.9,1336.1
201804210555,1335.5,1335.7,1335.5,1335.6,1336,1336.2,1336,1336
201804210556,1335.7,1335.7,1335.6,1335.7,1336.1,1336.2,1336.1,1336.2
201804210557,1335.7,1335.8,1335.7,1335.7,1336.2,1336.3,1336.2,1336.2
201804210558,1335.7,1335.7,1335.3,1335.3,1336.2,1336.2,1335.7,1335.7
201804210559,1335.3,1335.5,1335.2,1335.4,1335.7,1336,1335.7,1336
